   1.01402771       9.27982637E-06
   1.01399827       3.71188653E-05
   1.01394904       8.35157916E-05
   1.01388013       1.48468403E-04
   1.01379156       2.31973667E-04
   1.01368332       3.34027543E-04
   1.01355541       4.54625231E-04
   1.01340783       5.93760866E-04
   1.01324058       7.51428131E-04
   1.01305366       9.27619461E-04
   1.01284707       1.12232624E-03
   1.01262081       1.33553951E-03
   1.01237488       1.56724895E-03
   1.01210940       1.81744399E-03
   1.01182413       2.08611204E-03
   1.01151943       2.37324112E-03
   1.01119483       2.67881714E-03
   1.01085079       3.00282566E-03
   1.01048708       3.34525062E-03
   1.01010370       3.70607758E-03
   1.00970078       4.08528792E-03
   1.00927830       4.48286347E-03
   1.00883615       4.89878608E-03
   1.00837445       5.33303712E-03
   1.00789320       5.78559376E-03
   1.00739229       6.25643553E-03
   1.00687194       6.74554007E-03
   1.00633204       7.25288456E-03
   1.00577259       7.77844386E-03
   1.00519359       8.32219329E-03
   1.00459504       8.88410583E-03
   1.00397706       9.46416054E-03
   1.00333965       1.00623239E-02
   1.00268257       1.06785689E-02
   1.00200617       1.13128657E-02
   1.00131035       1.19651845E-02
   1.00059497       1.26354974E-02
  0.999860346       1.33237662E-02
  0.999106169       1.40299667E-02
  0.998332739       1.47540607E-02
  0.997539759       1.54960090E-02
  0.996727526       1.62557866E-02
  0.995895922       1.70333479E-02
  0.995045006       1.78286619E-02
  0.994174719       1.86416898E-02
  0.993285179       1.94723886E-02
  0.992376328       2.03207266E-02
  0.991448283       2.11866591E-02
  0.990500987       2.20701452E-02
  0.989534378       2.29711384E-02
  0.988548636       2.38896012E-02
  0.987543702       2.48254929E-02
  0.986519575       2.57787630E-02
  0.985476315       2.67493650E-02
  0.984413922       2.77372617E-02
  0.983332396       2.87423991E-02
  0.982231796       2.97647249E-02
  0.981112182       3.08042020E-02
  0.979973495       3.18607725E-02
  0.978815794       3.29343863E-02
  0.977639019       3.40249985E-02
  0.976443350       3.51325497E-02
  0.975228727       3.62569988E-02
  0.973995149       3.73982787E-02
  0.972742677       3.85563523E-02
  0.971471310       3.97311412E-02
  0.970181108       4.09226008E-02
  0.968872011       4.21306752E-02
  0.967544198       4.33553047E-02
  0.966197550       4.45964448E-02
  0.964832187       4.58540097E-02
  0.963448048       4.71279621E-02
  0.962045312       4.84182276E-02
  0.960623801       4.97247614E-02
  0.959183693       5.10474853E-02
  0.957724929       5.23863286E-02
  0.956247568       5.37412539E-02
  0.954751730       5.51121794E-02
  0.953237295       5.64990416E-02
  0.951704383       5.79017848E-02
  0.950152993       5.93203194E-02
  0.948583126       6.07545935E-02
  0.946994841       6.22045472E-02
  0.945388258       6.36700988E-02
  0.943763316       6.51511624E-02
  0.942119956       6.66477084E-02
  0.940458357       6.81596249E-02
  0.938778579       6.96868673E-02
  0.937080503       7.12293535E-02
  0.935364246       7.27870017E-02
  0.933629811       7.43597522E-02
  0.931877315       7.59475008E-02
  0.930106699       7.75502324E-02
  0.928318024       7.91678056E-02
  0.926511347       8.08001682E-02
  0.924686670       8.24472457E-02
  0.922844052       8.41089636E-02
  0.920983553       8.57852250E-02
  0.919105113       8.74759555E-02
  0.917208850       8.91810879E-02
  0.915294886       9.09005329E-02
  0.913363039       9.26341936E-02
  0.911413491       9.43820029E-02
  0.909446239       9.61438864E-02
  0.907461345       9.79197323E-02
  0.905458868       9.97094885E-02
  0.903438807      0.101513036    
  0.901401222      0.103330299    
  0.899346173      0.105161212    
  0.897273540      0.107005663    
  0.895183623      0.108863562    
  0.893076301      0.110734865    
  0.890951574      0.112619415    
  0.888809621      0.114517145    
  0.886650383      0.116427995    
  0.884473979      0.118351839    
  0.882280350      0.120288596    
  0.880069613      0.122238182    
  0.877841771      0.124200493    
  0.875597000      0.126175418    
  0.873335183      0.128162861    
  0.871056318      0.130162790    
  0.868760645      0.132175073    
  0.866448104      0.134199545    
  0.864118755      0.136236221    
  0.861772537      0.138284922    
  0.859409630      0.140345633    
  0.857030153      0.142418131    
  0.854633927      0.144502386    
  0.852221131      0.146598369    
  0.849791825      0.148705840    
  0.847346008      0.150824800    
  0.844883800      0.152955085    
  0.842405081      0.155096620    
  0.839910090      0.157249331    
  0.837398708      0.159413055    
  0.834871173      0.161587700    
  0.832327485      0.163773209    
  0.829767466      0.165969461    
  0.827191472      0.168176293    
  0.824599385      0.170393646    
  0.821991324      0.172621399    
  0.819367170      0.174859479    
  0.816727281      0.177107751    
  0.814071536      0.179366097    
  0.811399877      0.181634426    
  0.808712542      0.183912575    
  0.806009471      0.186200544    
  0.803290784      0.188498110    
  0.800556481      0.190805241    
  0.797806680      0.193121746    
  0.795041382      0.195447564    
  0.792260647      0.197782621    
  0.789464533      0.200126737    
  0.786653042      0.202479839    
  0.783826351      0.204841748    
  0.780984402      0.207212448    
  0.778127313      0.209591717    
  0.775255144      0.211979538    
  0.772367954      0.214375764    
  0.769465744      0.216780245    
  0.766548574      0.219192863    
  0.763616502      0.221613571    
  0.760669649      0.224042147    
  0.757708013      0.226478592    
  0.754731715      0.228922695    
  0.751740694      0.231374368    
  0.748735130      0.233833507    
  0.745715022      0.236299977    
  0.742680550      0.238773614    
  0.739631474      0.241254389    
  0.736568153      0.243742079    
  0.733490407      0.246236697    
  0.730398595      0.248737931    
  0.727292538      0.251245856    
  0.724172413      0.253760219    
  0.721038103      0.256281018    
  0.717889905      0.258807957    
  0.714727819      0.261341035    
  0.711551726      0.263880104    
  0.708361864      0.266425043    
  0.705158293      0.268975735    
  0.701941013      0.271532029    
  0.698710203      0.274093777    
  0.695465624      0.276660949    
  0.692207694      0.279233307    
  0.688936353      0.281810790    
  0.685651541      0.284393281    
  0.682353497      0.286980569    
  0.679042161      0.289572686    
  0.675717652      0.292169362    
  0.672379971      0.294770479    
  0.669029355      0.297375977    
  0.665665746      0.299985677    
  0.662289143      0.302599460    
  0.658899724      0.305217236    
  0.655497491      0.307838798    
  0.652082503      0.310464084    
  0.648654938      0.313092977    
  0.645214736      0.315725267    
  0.641762078      0.318360865    
  0.638296902      0.320999682    
  0.634819329      0.323641598    
  0.631329477      0.326286346    
  0.627827346      0.328933895    
  0.624312997      0.331584156    
  0.620786607      0.334236979    
  0.617248118      0.336892128    
  0.613697648      0.339549541    
  0.610135257      0.342209101    
  0.606561065      0.344870687    
  0.602975011      0.347534150    
  0.599377334      0.350199282    
  0.595767975      0.352866113    
  0.592147171      0.355534375    
  0.588514805      0.358203977    
  0.584870934      0.360874802    
  0.581215739      0.363546640    
  0.577549398      0.366219431    
  0.573871672      0.368893117    
  0.570182920      0.371567398    
  0.566483080      0.374242216    
  0.562772155      0.376917511    
  0.559050381      0.379593074    
  0.555317879      0.382268697    
  0.551574349      0.384944350    
  0.547820330      0.387619853    
  0.544055521      0.390295148    
  0.540280223      0.392970055    
  0.536494434      0.395644426    
  0.532698214      0.398318022    
  0.528891683      0.400990933    
  0.525074959      0.403662890    
  0.521247923      0.406333745    
  0.517410815      0.409003377    
  0.513563573      0.411671758    
  0.509706438      0.414338589    
  0.505839467      0.417003840    
  0.501962602      0.419667333    
  0.498076051      0.422328949    
  0.494179785      0.424988568    
  0.490273982      0.427645981    
  0.486358613      0.430301219    
  0.482433826      0.432953954    
  0.478499711      0.435604185    
  0.474556267      0.438251734    
  0.470603496      0.440896422    
  0.466641843      0.443538070    
  0.462670863      0.446176857    
  0.458691180      0.448812217    
  0.454702348      0.451444328    
  0.450704783      0.454072833    
  0.446698397      0.456697881    
  0.442683429      0.459319085    
  0.438659966      0.461936355    
  0.434627891      0.464549661    
  0.430587292      0.467158705    
  0.426538527      0.469763488    
  0.422481269      0.472363859    
  0.418415934      0.474959701    
  0.414342344      0.477550775    
  0.410260975      0.480137020    
  0.406171471      0.482718289    
  0.402074039      0.485294580    
  0.397968978      0.487865448    
  0.393856108      0.490431041    
  0.389735430      0.492991209    
  0.385607362      0.495545685    
  0.381471783      0.498094350    
  0.377328813      0.500637174    
  0.373178393      0.503174007    
  0.369020820      0.505704582    
  0.364856243      0.508228958    
  0.360684454      0.510746717    
  0.356505543      0.513258100    
  0.352319956      0.515762746    
  0.348127276      0.518260717    
  0.343927979      0.520751536    
  0.339721978      0.523235321    
  0.335509419      0.525711954    
  0.331290334      0.528181136    
  0.327064693      0.530642986    
  0.322832942      0.533097148    
  0.318594784      0.535543561    
  0.314350486      0.537982166    
  0.310099959      0.540412784    
  0.305843502      0.542835236    
  0.301581144      0.545249522    
  0.297312915      0.547655404    
  0.293039054      0.550052762    
  0.288759261      0.552441478    
  0.284473956      0.554821432    
  0.280183017      0.557192564    
  0.275886863      0.559554636    
  0.271585286      0.561907530    
  0.267278314      0.564251244    
  0.262966245      0.566585541    
  0.258649051      0.568910360    
  0.254326880      0.571225405    
  0.249999627      0.573530793    
  0.245667890      0.575826228    
  0.241331026      0.578111708    
  0.236989602      0.580386996    
  0.232643560      0.582652032    
  0.228293031      0.584906697    
  0.223937929      0.587150931    
  0.219578609      0.589384377    
  0.215215027      0.591607153    
  0.210847273      0.593819082    
  0.206475288      0.596020043    
  0.202099428      0.598209798    
  0.197719768      0.600388348    
  0.193336144      0.602555513    
  0.188948661      0.604711235    
  0.184557721      0.606855273    
  0.180162996      0.608987749    
  0.175764874      0.611108243    
  0.171363339      0.613216817    
  0.166958481      0.615313411    
  0.162550375      0.617397785    
  0.158139005      0.619469762    
  0.153724790      0.621529400    
  0.149307385      0.623576581    
  0.144887283      0.625610828    
  0.140464157      0.627632558    
  0.136038423      0.629641354    
  0.131609917      0.631637096    
  0.127179086      0.633619785    
  0.122745797      0.635589123    
  0.118309893      0.637545347    
  0.113871805      0.639488041    
  0.109431393      0.641417027    
  0.104989089      0.643332481    
  0.100544512      0.645234168    
   9.60982293E-02  0.647121847    
   9.16498378E-02  0.648995638    
   8.71997774E-02  0.650855184    
   8.27479139E-02  0.652700603    
   7.82946870E-02  0.654531658    
   7.38399327E-02  0.656348407    
   6.93835095E-02  0.658150494    
   6.49257377E-02  0.659937978    
   6.04668222E-02  0.661710620    
   5.60068600E-02  0.663468421    
   5.15455678E-02  0.665211320    
   4.70832735E-02  0.666939139    
   4.26203087E-02  0.668651700    
   3.81563939E-02  0.670349121    
   3.36916223E-02  0.672031105    
   2.92263124E-02  0.673697472    
   2.47606784E-02  0.675348580    
   2.02942025E-02  0.676983654    
   1.58273317E-02  0.678603113    
   1.13602737E-02  0.680206716    
   6.89311791E-03  0.681794226    
   2.42558564E-03  0.683365703    
  -2.04199366E-03  0.681808650    
  -6.50929147E-03  0.680235386    
  -1.09765837E-02  0.678646028    
  -1.54437842E-02  0.677040696    
  -1.99104436E-02  0.675419748    
  -2.43769567E-02  0.673782825    
  -2.88427565E-02  0.672130287    
  -3.33082341E-02  0.670462251    
  -3.77729498E-02  0.668778658    
  -4.22369316E-02  0.667079806    
  -4.67000939E-02  0.665365815    
  -5.11622243E-02  0.663636446    
  -5.56236096E-02  0.661892176    
  -6.00839071E-02  0.660133004    
  -6.45429268E-02  0.658358991    
  -6.90005645E-02  0.656570196    
  -7.34571069E-02  0.654766798    
  -7.79119879E-02  0.652948976    
  -8.23655874E-02  0.651116610    
  -8.68174806E-02  0.649270058    
  -9.12676826E-02  0.647409320    
  -9.57161114E-02  0.645534456    
 -0.100162558      0.643645585    
 -0.104607314      0.641742885    
 -0.109050028      0.639826536    
 -0.113490514      0.637896478    
 -0.117928669      0.635952890    
 -0.122364774      0.633995891    
 -0.126798525      0.632025540    
 -0.131229550      0.630042017    
 -0.135658145      0.628045499    
 -0.140084133      0.626036048    
 -0.144507498      0.624013603    
 -0.148927957      0.621978462    
 -0.153345391      0.619930804    
 -0.157760084      0.617870510    
 -0.162171617      0.615797937    
 -0.166579872      0.613713086    
 -0.170985118      0.611616015    
 -0.175387070      0.609506965    
 -0.179785371      0.607385933    
 -0.184180290      0.605253160    
 -0.188571632      0.603108764    
 -0.192959458      0.600952685    
 -0.197343394      0.598785162    
 -0.201723397      0.596606493    
 -0.206099719      0.594416380    
 -0.210471928      0.592215300    
 -0.214840040      0.590003312    
 -0.219203979      0.587780476    
 -0.223563790      0.585546911    
 -0.227919027      0.583302677    
 -0.232270077      0.581048012    
 -0.236616373      0.578783035    
 -0.240958199      0.576507807    
 -0.245295465      0.574222445    
 -0.249627978      0.571927190    
 -0.253955394      0.569621980    
 -0.258278012      0.567307174    
 -0.262595624      0.564982653    
 -0.266908139      0.562648773    
 -0.271215320      0.560305476    
 -0.275517523      0.557952821    
 -0.279814363      0.555591166    
 -0.284105510      0.553220630    
 -0.288391292      0.550841093    
 -0.292671561      0.548452973    
 -0.296946168      0.546056151    
 -0.301214755      0.543650985    
 -0.305477649      0.541237354    
 -0.309734613      0.538815618    
 -0.313985646      0.536385715    
 -0.318230510      0.533947885    
 -0.322469056      0.531502247    
 -0.326701581      0.529048920    
 -0.330927521      0.526588082    
 -0.335147291      0.524119735    
 -0.339360416      0.521644175    
 -0.343567103      0.519161284    
 -0.347766876      0.516671538    
 -0.351960003      0.514174819    
 -0.356146306      0.511671245    
 -0.360325813      0.509161115    
 -0.364498198      0.506644428    
 -0.368663400      0.504121304    
 -0.372821689      0.501591980    
 -0.376972497      0.499056667    
 -0.381116241      0.496515125    
 -0.385252446      0.493967861    
 -0.389381289      0.491414875    
 -0.393502355      0.488856256    
 -0.397616029      0.486292154    
 -0.401721716      0.483722866    
 -0.405819774      0.481148183    
 -0.409910023      0.478568465    
 -0.413992345      0.475983948    
 -0.418066353      0.473394603    
 -0.422132313      0.470800638    
 -0.426190287      0.468202055    
 -0.430239975      0.465599030    
 -0.434281081      0.462991893    
 -0.438313991      0.460380524    
 -0.442338198      0.457765222    
 -0.446354002      0.455146044    
 -0.450360924      0.452523172    
 -0.454359323      0.449896663    
 -0.458348930      0.447266698    
 -0.462329417      0.444633424    
 -0.466300905      0.441997051    
 -0.470263571      0.439357489    
 -0.474217147      0.436715037    
 -0.478161246      0.434069902    
 -0.482096285      0.431422055    
 -0.486021787      0.428771764    
 -0.489938051      0.426118970    
 -0.493844807      0.423463970    
 -0.497741759      0.420806885    
 -0.501629293      0.418147832    
 -0.505506814      0.415486962    
 -0.509374797      0.412824392    
 -0.513232648      0.410160184    
 -0.517080784      0.407494605    
 -0.520918608      0.404827744    
 -0.524746597      0.402159661    
 -0.528564155      0.399490535    
 -0.532371700      0.396820575    
 -0.536168873      0.394149810    
 -0.539955497      0.391478449    
 -0.543731749      0.388806522    
 -0.547497272      0.386134356    
 -0.551252365      0.383461833    
 -0.554996610      0.380789340    
 -0.558730066      0.378116906    
 -0.562452912      0.375444502    
 -0.566164792      0.372772485    
 -0.569865406      0.370100945    
 -0.573555291      0.367429972    
 -0.577233970      0.364759654    
 -0.580901444      0.362090200    
 -0.584557295      0.359421849    
 -0.588202178      0.356754512    
 -0.591835618      0.354088336    
 -0.595457613      0.351423651    
 -0.599067569      0.348760515    
 -0.602666378      0.346098959    
 -0.606253445      0.343439132    
 -0.609828651      0.340781331    
 -0.613392055      0.338125497    
 -0.616943657      0.335471839    
 -0.620483220      0.332820415    
 -0.624010682      0.330171525    
 -0.627526104      0.327525198    
 -0.631029010      0.324881613    
 -0.634519935      0.322240800    
 -0.637998641      0.319602877    
 -0.641464770      0.316968203    
 -0.644918621      0.314336628    
 -0.648360014      0.311708421    
 -0.651788592      0.309083730    
 -0.655204535      0.306462675    
 -0.658607960      0.303845286    
 -0.661998510      0.301231802    
 -0.665376306      0.298622310    
 -0.668740928      0.296016932    
 -0.672092855      0.293415844    
 -0.675431669      0.290819079    
 -0.678756952      0.288227022    
 -0.682069540      0.285639435    
 -0.685368657      0.283056647    
 -0.688654661      0.280478716    
 -0.691927254      0.277905822    
 -0.695186436      0.275338054    
 -0.698432028      0.272775650    
 -0.701663971      0.270218641    
 -0.704882503      0.267667055    
 -0.708087146      0.265121192    
 -0.711278319      0.262581110    
 -0.714455605      0.260046870    
 -0.717618823      0.257518679    
 -0.720768332      0.254996628    
 -0.723903656      0.252480924    
 -0.727025151      0.249971494    
 -0.730132341      0.247468665    
 -0.733225465      0.244972423    
 -0.736304402      0.242482916    
 -0.739369094      0.240000337    
 -0.742419183      0.237524793    
 -0.745455086      0.235056341    
 -0.748476207      0.232595220    
 -0.751483083      0.230141342    
 -0.754475236      0.227695048    
 -0.757452905      0.225256264    
 -0.760415852      0.222825199    
 -0.763364077      0.220401987    
 -0.766297281      0.217986807    
 -0.769215643      0.215579703    
 -0.772119224      0.213180676    
 -0.775007784      0.210790023    
 -0.777881205      0.208407834    
 -0.780739665      0.206034154    
 -0.783582985      0.203669086    
 -0.786410868      0.201312900    
 -0.789223552      0.198965564    
 -0.792021036      0.196627170    
 -0.794803143      0.194297910    
 -0.797569752      0.191977918    
 -0.800320983      0.189667225    
 -0.803056657      0.187365979    
 -0.805776775      0.185074300    
 -0.808480918      0.182792380    
 -0.811169565      0.180520207    
 -0.813842535      0.178257912    
 -0.816499770      0.176005572    
 -0.819141030      0.173763424    
 -0.821766555      0.171531469    
 -0.824376047      0.169309795    
 -0.826969445      0.167098626    
 -0.829546928      0.164897949    
 -0.832108140      0.162707970    
 -0.834653378      0.160528734    
 -0.837182403      0.158360332    
 -0.839695036      0.156202957    
 -0.842191458      0.154056579    
 -0.844671309      0.151921511    
 -0.847135127      0.149797618    
 -0.849582374      0.147685066    
 -0.852013171      0.145584017    
 -0.854427278      0.143494621    
 -0.856824994      0.141416848    
 -0.859206021      0.139350846    
 -0.861570120      0.137296841    
 -0.863917768      0.135254711    
 -0.866248667      0.133224666    
 -0.868562579      0.131206870    
 -0.870859802      0.129201293    
 -0.873140097      0.127208054    
 -0.875403345      0.125227377    
 -0.877649724      0.123259194    
 -0.879878879      0.121303715    
 -0.882091165      0.119360954    
 -0.884286284      0.117431022    
 -0.886464119      0.115514092    
 -0.888624907      0.113610141    
 -0.890768409      0.111719318    
 -0.892894328      0.109841794    
 -0.895003140      0.107977547    
 -0.897094667      0.106126621    
 -0.899168789      0.104289189    
 -0.901225388      0.102465332    
 -0.903264463      0.100655161    
 -0.905286074       9.88587141E-02
 -0.907290041       9.70761180E-02
 -0.909276485       9.53074172E-02
 -0.911245167       9.35527459E-02
 -0.913196266       9.18121263E-02
 -0.915129602       9.00856778E-02
 -0.917045116       8.83735120E-02
 -0.918942988       8.66756439E-02
 -0.920822978       8.49921927E-02
 -0.922684968       8.33232924E-02
 -0.924529016       8.16689506E-02
 -0.926355362       8.00292343E-02
 -0.928163648       7.84042403E-02
 -0.929953814       7.67940655E-02
 -0.931725979       7.51988143E-02
 -0.933480084       7.36184865E-02
 -0.935215950       7.20532909E-02
 -0.936933696       7.05031231E-02
 -0.938633323       6.89681917E-02
 -0.940314770       6.74484745E-02
 -0.941977978       6.59441054E-02
 -0.943622887       6.44551292E-02
 -0.945249379       6.29816800E-02
 -0.946857512       6.15237914E-02
 -0.948447466       6.00814708E-02
 -0.950018883       5.86548410E-02
 -0.951571822       5.72440065E-02
 -0.953106403       5.58489598E-02
 -0.954622447       5.44698052E-02
 -0.956119895       5.31066433E-02
 -0.957598746       5.17595001E-02
 -0.959059119       5.04284017E-02
 -0.960500777       4.91134971E-02
 -0.961923957       4.78147753E-02
 -0.963328362       4.65323217E-02
 -0.964714110       4.52662073E-02
 -0.966081142       4.40164879E-02
 -0.967429221       4.27832939E-02
 -0.968758702       4.15665731E-02
 -0.970069408       4.03663628E-02
 -0.971361160       3.91828790E-02
 -0.972634137       3.80160213E-02
 -0.973888278       3.68659049E-02
 -0.975123525       3.57325897E-02
 -0.976339757       3.46161537E-02
 -0.977537096       3.35165933E-02
 -0.978715420       3.24339941E-02
 -0.979874849       3.13684046E-02
 -0.981015027       3.03199291E-02
 -0.982136369       2.92885061E-02
 -0.983238637       2.82742418E-02
 -0.984321654       2.72772424E-02
 -0.985385776       2.62974445E-02
 -0.986430645       2.53349487E-02
 -0.987456441       2.43898053E-02
 -0.988463044       2.34620739E-02
 -0.989450514       2.25517564E-02
 -0.990418673       2.16589235E-02
 -0.991367638       2.07836591E-02
 -0.992297411       1.99259128E-02
 -0.993207872       1.90857705E-02
 -0.994099081       1.82632767E-02
 -0.994971037       1.74584724E-02
 -0.995823562       1.66714303E-02
 -0.996656835       1.59021094E-02
 -0.997470737       1.51505880E-02
 -0.998265326       1.44169182E-02
 -0.999040544       1.37010980E-02
 -0.999796331       1.30031826E-02
  -1.00053275       1.23232035E-02
  -1.00124967       1.16612120E-02
  -1.00194716       1.10172192E-02
  -1.00262535       1.03912419E-02
  -1.00328386       9.78335552E-03
  -1.00392306       9.19353031E-03
  -1.00454271       8.62182211E-03
  -1.00514293       8.06825981E-03
  -1.00572360       7.53287086E-03
  -1.00628471       7.01569347E-03
  -1.00682640       6.51672529E-03
  -1.00734842       6.03602780E-03
  -1.00785089       5.57357399E-03
  -1.00833392       5.12941182E-03
  -1.00879729       4.70356364E-03
  -1.00924110       4.29604854E-03
  -1.00966537       3.90688563E-03
  -1.01006985       3.53611331E-03
  -1.01045489       3.18371016E-03
  -1.01082027       2.84972205E-03
  -1.01116610       2.53414665E-03
  -1.01149225       2.23700888E-03
  -1.01179886       1.95832225E-03
  -1.01208568       1.69810711E-03
  -1.01235294       1.45636231E-03
  -1.01260054       1.23311207E-03
  -1.01282847       1.02836546E-03
  -1.01303673       8.42117239E-04
  -1.01322532       6.74387789E-04
  -1.01339424       5.25184965E-04
  -1.01354361       3.94516013E-04
  -1.01367319       2.82387249E-04
  -1.01378310       1.88806342E-04
  -1.01387334       1.13773182E-04
  -1.01394391       5.72960889E-05
  -1.01399481       1.93728374E-05
  -1.01402605       2.01648145E-05
  -1.01403749       7.97007715E-07
