           2  -6.7433863880082544E-005   6.4651774930466431E-004   1.0629506121158362E-006  -5.4154459938311978E-006   5.3820486646349569E-006  -3.7783887916633449E-008
           3  -1.3359517999543275E-004   1.2792118076715181E-003   1.7337405005100237E-006  -1.0856835401464145E-005   1.0787166166891939E-005  -7.1252728480938480E-008
           4  -1.9851819777615343E-004   1.8981288516661120E-003   2.0097729405346797E-006  -1.6322489323019577E-005   1.6214551075356745E-005  -1.0041505649826562E-007
           5  -2.6223696994900783E-004   2.5036066217516261E-003   1.8887024839403159E-006  -2.1810714988283470E-005   2.1663420546732803E-005  -1.2527860658520442E-007
           6  -3.2478476064528000E-004   3.0962110956606072E-003   1.3684439650215005E-006  -2.7319806559616506E-005   2.7133012103572626E-005  -1.4585024731164152E-007
           7  -3.8619357681521235E-004   3.6766855612991984E-003   4.4718147648284914E-007  -3.2848045946859850E-005   3.2622585252517212E-005  -1.6213591608113652E-007
           8  -4.4649379956533420E-004   4.2459096123329274E-003  -8.7662272883656253E-007  -3.8393703620829647E-005   3.8131422901767538E-005  -1.7414056479073660E-007
           9  -5.0571389592500321E-004   4.8048663413137738E-003  -2.6042194330589629E-006  -4.3955039433021364E-005   4.3658832575543455E-005  -1.8186810327583803E-007
          10  -5.6388019497638497E-004   5.3546162433930787E-003  -4.7365637891703421E-006  -4.9530303433761646E-005   4.9204147379515606E-005  -1.8532135191018767E-007
          11  -6.2101671521343194E-004   5.8962765590816722E-003  -7.2743068152992887E-006  -5.5117736694876537E-005   5.4766726721948864E-005  -1.8450199745448242E-007
          12  -6.7714503249731157E-004   6.4310049728286299E-003  -1.0217787101950378E-005  -6.0715572124597207E-005   6.0345956749530837E-005  -1.7941055525450113E-007
          13  -7.3228418014199305E-004   6.9599867442563966E-003  -1.3567022743780616E-005  -6.6322035293333109E-005   6.5941250503871103E-005  -1.7004633409718055E-007
          14  -7.8645057449265761E-004   7.4844244811276706E-003  -1.7321703550247909E-005  -7.1935345254081992E-005   7.1552047781711851E-005  -1.5640741110781217E-007
          15  -8.3965796095548831E-004   8.0055298690258764E-003  -2.1481183551205942E-005  -7.7553715370884513E-005   7.7177814689871564E-005  -1.3849060605658521E-007
          16  -8.9191737684121567E-004   8.5245167539742261E-003  -2.6044473843176492E-005  -8.3175354153488778E-005   8.2818042920984006E-005  -1.1629146998849342E-007
          17  -9.4323712862823717E-004   9.0425950324414632E-003  -3.1010235805332762E-005  -8.8798466101611936E-005   8.8472248728708856E-005  -8.9804270604643989E-008
          18  -9.9362278241493449E-004   9.5609648398040977E-003  -3.6376774715722630E-005  -9.4421252561762732E-005   9.4139971648428533E-005  -5.9021990933285539E-008
          19  -1.0430771674369405E-003   1.0080810544315940E-002  -4.2142033806734034E-005  -1.0004191259930636E-004   9.9820772965675654E-005  -2.3936332283079149E-008
          20  -1.0916003936187334E-003   1.0603294049474096E-002  -4.8303588784848596E-005  -1.0565864389678036E-004   1.0551423397730817E-004   1.5462278226060801E-008
          21  -1.1391898852828671E-003   1.1129546883434930E-002  -5.4858642846707699E-005  -1.1126964367606196E-004   1.1121995406862645E-004   5.9184666842406489E-008
          22  -1.1858404343487135E-003   1.1660660509343106E-002  -6.1804022228997932E-005  -1.1687310965581893E-004   1.1693754866329577E-004   1.0724289930204326E-007
          23  -1.2315442777209638E-003   1.2197674224305229E-002  -6.9136172304990503E-005  -1.2246724104480829E-004   1.2266664707064021E-004   1.5965024346999220E-007
          24  -1.2762912051076099E-003   1.2741559926089293E-002  -7.6851154276331524E-005  -1.2805023959515692E-004   1.2840689031261038E-004   2.1642114010282790E-007
          25  -1.3200687052696458E-003   1.3293202914326931E-002  -8.4944642457092780E-005  -1.3362031069798225E-004   1.3415792895050182E-004   2.7757115810662364E-007
          26  -1.3628621607874648E-003   1.3853377755954218E-002  -9.3411922207153121E-005  -1.3917566456284625E-004   1.3991942099173091E-004   3.4311694949956972E-007
          27  -1.4046551038364471E-003   1.4422718082676670E-002  -1.0224788850095446E-004  -1.4471451746213117E-004   1.4569102992542681E-004   4.1307619492412443E-007
          28  -1.4454295482918976E-003   1.5001679002462548E-002  -1.1144704517636664E-004  -1.5023509307830133E-004   1.5147242293497333E-004   4.8746754354795058E-007
          29  -1.4851664167632374E-003   1.5590490601218671E-002  -1.2100350486403482E-004  -1.5573562395278153E-004   1.5726326935533807E-004   5.6631055326017902E-007
          30  -1.5238460849625883E-003   1.6189100792718732E-002  -1.3091098961328398E-004  -1.6121435305395203E-004   1.6306323941658930E-004   6.4962561432935463E-007
          31  -1.5614490700932898E-003   1.6797105558815480E-002  -1.4116283222330287E-004  -1.6666953549206379E-004   1.6887200331425334E-004   7.3743388029689680E-007
          32  -1.5979568947612935E-003   1.7413664431876443E-002  -1.5175197828359502E-004  -1.7209944038361431E-004   1.7468923065988362E-004   8.2975718100326953E-007
          33  -1.6333531630864171E-003   1.8037398945059110E-002  -1.6267098891223274E-004  -1.7750235289820904E-004   1.8051459032406280E-004   9.2661794181602214E-007
          34  -1.6676248910762667E-003   1.8666271770912589E-002  -1.7391204420773957E-004  -1.8287657651161956E-004   1.8634775070363598E-004   1.0280390861718476E-006
          35  -1.7007641385110666E-003   1.9297444468969759E-002  -1.8546694738170430E-004  -1.8822043547830412E-004   1.9218838041641770E-004   1.1340439401859316E-006
          36  -1.7327699940089562E-003   1.9927112287583999E-002  -1.9732712957025794E-004  -1.9353227756813062E-004   1.9803614942299837E-004   1.2446561224949459E-006
          37  -1.7636509676280502E-003   2.0550315477267853E-002  -2.0948365529126762E-004  -1.9881047707562887E-004   2.0389073055370277E-004   1.3598994329187349E-006
          38  -1.7934278449865863E-003   2.1160728286278397E-002  -2.2192722852992715E-004  -2.0405343815582582E-004   2.0975180142037466E-004   1.4797977272416271E-006
          39  -1.8221370514967961E-003   2.1750429492300626E-002  -2.3464819940514396E-004  -2.0925959850712881E-004   2.1561904665737090E-004   1.6043747800330002E-006
          40  -1.8498345623023909E-003   2.2309662289898339E-002  -2.4763657139902838E-004  -2.1442743344303182E-004   2.2149216043702152E-004   1.7336541411183131E-006
          41  -1.8766003695613305E-003   2.2826596931449439E-002  -2.6088200907409715E-004  -2.1955546039075118E-004   2.2737084919620781E-004   1.8676589747735045E-006
          42  -1.9025434797117920E-003   2.3287116990808099E-002  -2.7437384625837925E-004  -2.2464224386096560E-004   2.3325483447891204E-004   2.0064118862203231E-006
          43  -1.9278073548015045E-003   2.3674659601000073E-002  -2.8810109463586986E-004  -2.2968640093678667E-004   2.3914385580994232E-004   2.1499347320263357E-006
          44  -1.9525756294115591E-003   2.3970151274948587E-002  -3.0205245268788059E-004  -2.3468660731950191E-004   2.4503767349034545E-004   2.2982484200208190E-006
          45  -1.9770778250324667E-003   2.4152093096389011E-002  -3.1621631494516025E-004  -2.3964160399347125E-004   2.5093607121923651E-004   2.4513726962162623E-006
          46  -2.0015946469247991E-003   2.4196860355413387E-002  -3.3058078151066415E-004  -2.4455020455646856E-004   2.5683885840537370E-004   2.6093259209504317E-006
          47  -2.0264622901702374E-003   2.4079288993135096E-002  -3.4513366781035559E-004  -2.4941130327799088E-004   2.6274587208181073E-004   2.7721248541835688E-006
          48  -2.0520750164975342E-003   2.3773619916838927E-002  -3.5986251457365860E-004  -2.5422388393041539E-004   2.6865697829019813E-004   2.9397844400572811E-006
          49  -2.0788851183107145E-003   2.3254856468442799E-002  -3.7475459803608711E-004  -2.5898702946258343E-004   2.7457207283497237E-004   3.1123176299936079E-006
          50  -2.1073993020416406E-003   2.2500553851159545E-002  -3.8979694039781765E-004  -2.6369993255942172E-004   2.8049108131041571E-004   3.2897352354744664E-006
          51  -2.1381705525337132E-003   2.1492997586005962E-002  -4.0497632059614916E-004  -2.6836190712189599E-004   2.8641395831865903E-004   3.4720458558341775E-006
          52  -2.1717847414307180E-003   2.0221641328078896E-002  -4.2027928546736157E-004  -2.7297240069312502E-004   2.9234068581939442E-004   3.6592558772258205E-006
          53  -2.2088416620045645E-003   1.8685571361623160E-002  -4.3569216141248852E-004  -2.7753100779875835E-004   2.9827127059670733E-004   3.8513695861744986E-006
          54  -2.2499308231016678E-003   1.6895665766773423E-002  -4.5120106668724896E-004  -2.8203748412949898E-004   3.0420574086460257E-004   4.0483893842801406E-006
          55  -2.2956031693271996E-003   1.4876051148195922E-002  -4.6679192445046684E-004  -2.8649176140346631E-004   3.1014414209352493E-004   4.2503161217894501E-006
          56  -2.3463407913780657E-003   1.2664463738332630E-002  -4.8245047670866879E-004  -2.9089396264250469E-004   3.1608653221948792E-004   4.4571495218332759E-006
          57  -2.4025274585965104E-003   1.0311221214653872E-002  -4.9816229929255799E-004  -2.9524441748081143E-004   3.2203297644568059E-004   4.6688886793817387E-006
          58  -2.4644232239536008E-003   7.8767097190846191E-003  -5.1391281799857062E-004  -2.9954367695405178E-004   3.2798354194206952E-004   4.8855325758516918E-006
          59  -2.5321462359122159E-003   5.4275559427785901E-003  -5.2968732604055657E-004  -3.0379252710873735E-004   3.3393829277607106E-004   5.1070805613758648E-006
          60  -2.6056641716583405E-003   3.0319229394101571E-003  -5.4547100299388775E-004  -3.0799200059311105E-004   3.3989728542420296E-004   5.3335327508364978E-006
          61  -2.6847964747929820E-003   7.5456291665116769E-004  -5.6124893547073969E-004  -3.1214338531146386E-004   3.4586056522597461E-004   5.5648902877400975E-006
          62  -2.7692270860423850E-003  -1.3476813630469971E-003  -5.7700613985327092E-004  -3.1624822911781688E-004   3.5182816403053714E-004   5.8011554400510826E-006
          63  -2.8585259309859916E-003  -3.2293326484861061E-003  -5.9272758751247458E-004  -3.2030833952673891E-004   3.5780009922264770E-004   6.0423315403880438E-006
          64  -2.9521763845553194E-003  -4.8583213348768282E-003  -6.0839823305175889E-004  -3.2432577741088093E-004   3.6377637412682361E-004   6.2884227630517904E-006
          65  -3.0496054579145769E-003  -6.2165208072856876E-003  -6.2400304616950814E-004  -3.2830284375261773E-004   3.6975697967284366E-004   6.5394337950309662E-006
          66  -3.1502135726270224E-003  -7.2989399698791682E-003  -6.3952704776964466E-004  -3.3224205864109947E-004   3.7574189701296360E-004   6.7953694319945852E-006
          67  -3.2534013745480119E-003  -8.1119139091160655E-003  -6.5495535086721899E-004  -3.3614613189725457E-004   3.8173110068220303E-004   7.0562341512490550E-006
          68  -3.3585918870721481E-003  -8.6707074789794253E-003  -6.7027320665948855E-004  -3.4001792496261802E-004   3.8772456182197993E-004   7.3220317080260376E-006
          69  -3.4652471943667721E-003  -8.9969275657273123E-003  -6.8546605579101734E-004  -3.4386040398480609E-004   3.9372225097963871E-004   7.5927647804992862E-006
          70  -3.5728796146399259E-003  -9.1160587673877868E-003  -7.0051958438240459E-004  -3.4767658444936667E-004   3.9972414010278670E-004   7.8684346834650207E-006
          71  -3.6810578810601013E-003  -9.0553300573292042E-003  -7.1541978370416094E-004  -3.5146946810488410E-004   4.0573020344674007E-004   8.1490411728353990E-006
          72  -3.7894091741299519E-003  -8.8420159307539374E-003  -7.3015301164855006E-004  -3.5524197345986915E-004   4.1174041731938647E-004   8.4345823122983283E-006
          73  -3.8976179735586134E-003  -8.5021921575199541E-003  -7.4470605321142131E-004  -3.5899686165244036E-004   4.1775475872843327E-004   8.7250544335959774E-006
          74  -4.0054226736887461E-003  -8.0599099699579201E-003  -7.5906617645365027E-004  -3.6273666002841772E-004   4.2377320315924313E-004   9.0204521338668266E-006
          75  -4.1126107914484242E-003  -7.5367217710061492E-003  -7.7322117981555149E-004  -3.6646358630498067E-004   4.2979572177892234E-004   9.3207683370737050E-006
          76  -4.2190134383220156E-003  -6.9514806487621520E-003  -7.8715942663620060E-004  -3.7017947659376640E-004   4.3582227841008735E-004   9.6259943855551904E-006
          77  -4.3244995629783530E-003  -6.3203384670798123E-003  -8.0086986347151267E-004  -3.7388572084435411E-004   4.4185282657296677E-004   9.9361201497396255E-006
          78  -4.4289703204557686E-003  -5.6568771573296279E-003  -8.1434202050308048E-004  -3.7758320928558969E-004   4.4788730685384523E-004   1.0251134155283430E-005
          79  -4.5323537977809457E-003  -4.9723206544010252E-003  -8.2756599484248752E-004  -3.8127229318844996E-004   4.5392564476058768E-004   1.0571023716558950E-005
          80  -4.6346002275476266E-003  -4.2757878546497083E-003  -8.4053242044054399E-004  -3.8495276261773078E-004   4.5996774915515272E-004   1.0895775067041365E-005
          81  -4.7356777487270029E-003  -3.5745584666908446E-003  -8.5323243080304536E-004  -3.8862384287547894E-004   4.6601351127606504E-004   1.1225373487775980E-005
          82  -4.8355687239779854E-003  -2.8743330308521630E-003  -8.6565762197057339E-004  -3.9228421014580030E-004   4.7206280431430882E-004   1.1559803428019335E-005
          83  -4.9342665904130488E-003  -2.1794756178307442E-003  -8.7780002258785355E-004  -3.9593202545359641E-004   4.7811548346632534E-004   1.1899048618940146E-005
          84  -5.0317732017547620E-003  -1.4932330001618899E-003  -8.8965207556686028E-004  -3.9956498483603183E-004   4.8417138638256080E-004   1.2243092176097799E-005
          85  -5.1280966102916778E-003  -8.1792776189885106E-004  -9.0120663239635749E-004  -4.0318038252708965E-004   4.9023033390581882E-004   1.2591916696457306E-005
          86  -5.2232492339887790E-003  -1.5512523004573787E-004  -9.1245695787375109E-004  -4.0677518334361916E-004   4.9629213102334903E-004   1.2945504342262191E-005
          87  -5.3172463551793350E-003   4.9422440228972999E-004  -9.2339674077935804E-004  -4.1034610015882900E-004   5.0235656794787669E-004   1.3303836922544779E-005
          88  -5.4101049008103419E-003   1.1296665694232276E-003  -9.3402010536124797E-004  -4.1388967253829819E-004   5.0842342127108272E-004   1.3666895961642078E-005
          89  -5.5018424590450752E-003   1.7511428847677239E-003  -9.4432161927026118E-004  -4.1740234303514417E-004   5.1449245513192365E-004   1.4034662758408851E-005
          90  -5.5924764923504953E-003   2.3589091208694782E-003  -9.5429629520931640E-004  -4.2088052832915435E-004   5.2056342236961295E-004   1.4407118453109222E-005
          91  -5.6820237125492180E-003   2.9534680961953714E-003  -9.6393958540730816E-004  -4.2432068313592240E-004   5.2663606563345649E-004   1.4784244073635347E-005
          92  -5.7704995883488316E-003   3.5355151532921007E-003  -9.7324736950150763E-004  -4.2771935555552140E-004   5.3271011842460090E-004   1.5166020583941075E-005
          93  -5.8579179604773858E-003   4.1058941626165362E-003  -9.8221593739814808E-004  -4.3107323321206427E-004   5.3878530607742725E-004   1.5552428928931648E-005
          94  -5.9442907436475113E-003   4.6655622450358578E-003  -9.9084196903401656E-004  -4.3437918009523683E-004   5.4486134665053673E-004   1.5943450073299230E-005
          95  -6.0296276981438805E-003   5.2155616532510969E-003  -9.9912251290816892E-004  -4.3763426445339159E-004   5.5093795175152008E-004   1.6339065041687386E-005
          96  -6.1139362569314713E-003   5.7569974773232667E-003  -1.0070549649308952E-003  -4.4083577840872852E-004   5.5701482727381335E-004   1.6739254945122844E-005
          97  -6.1972213968227883E-003   6.2910200370403452E-003  -1.0146370486800035E-003  -4.4398125017029716E-004   5.6309167406671460E-004   1.7144001024133280E-005
          98  -6.2794855445179858E-003   6.8188109925494010E-003  -1.0218667977522600E-003  -4.4706844981920685E-004   5.6916818853332220E-004   1.7553284672521121E-005
          99  -6.3607285102634812E-003   7.3415723451420107E-003  -1.0287425404826218E-003  -4.5009538969321592E-004   5.7524406316450372E-004   1.7967087467339259E-005
         100  -6.4409474435565984E-003   7.8605176135786957E-003  -1.0352628870738821E-003  -4.5306032037091445E-004   5.8131898700926582E-004   1.8385391194732164E-005
         101  -6.5201368067656397E-003   8.3768645598882793E-003  -1.0414267189327443E-003  -4.5596172317399774E-004   5.8739264609437207E-004   1.8808177881240567E-005
         102  -6.5982883638540102E-003   8.8918289036755502E-003  -1.0472331799396826E-003  -4.5879830006237827E-004   5.9346472379320705E-004   1.9235429813883691E-005
         103  -6.6753911825621773E-003   9.4066185073650669E-003  -1.0526816692962098E-003  -4.6156896164812624E-004   5.9953490114887566E-004   1.9667129567034026E-005
         104  -6.7514316495263038E-003   9.9224275373548613E-003  -1.0577718356028982E-003  -4.6427281397350308E-004   6.0560285715253472E-004   2.0103260025452834E-005
         105  -6.8263934989163015E-003   1.0440430108564153E-002  -1.0625035718223623E-003  -4.6690914460082692E-004   6.1166826899304377E-004   2.0543804407620991E-005
         106  -6.9002578562885374E-003   1.0961772902389543E-002  -1.0668770108453426E-003  -4.6947740842867997E-004   6.1773081226683564E-004   2.0988746289217499E-005
         107  -6.9730033005435616E-003   1.1487566210380461E-002  -1.0708925213845093E-003  -4.7197721359293723E-004   6.2379016116047878E-004   2.1438069623792378E-005
         108  -7.0446059481875101E-003   1.2018872797224795E-002  -1.0745507040079494E-003  -4.7440830771484287E-004   6.2984598860804891E-004   2.1891758766983473E-005
         109  -7.1150395655616792E-003   1.2556693895902719E-002  -1.0778523871381386E-003  -4.7677056468934645E-004   6.3589796642468319E-004   2.2349798495565081E-005
         110  -7.1842757163995989E-003   1.3101951543811814E-002  -1.0807986228972715E-003  -4.7906397215172707E-004   6.4194576541594329E-004   2.2812174030778765E-005
         111  -7.2522839540230238E-003   1.3655466340290986E-002  -1.0833906827240618E-003  -4.8128861970831598E-004   6.4798905547607888E-004   2.3278871059006266E-005
         112  -7.3190320697922402E-003   1.4217929552506498E-002  -1.0856300526998317E-003  -4.8344468799383847E-004   6.5402750566521733E-004   2.3749875749046132E-005
         113  -7.3844864120911572E-003   1.4789868318864781E-002  -1.0875184285522414E-003  -4.8553243856031529E-004   6.6006078427682715E-004   2.4225174776182872E-005
         114  -7.4486122932596530E-003   1.5371602499460804E-002  -1.0890577103453835E-003  -4.8755220460542785E-004   6.6608855889146350E-004   2.4704755338282297E-005
         115  -7.5113745055015854E-003   1.5963191507899110E-002  -1.0902499968524968E-003  -4.8950438251790546E-004   6.7211049642777060E-004   2.5188605175578419E-005
         116  -7.5727379709180278E-003   1.6564369239798916E-002  -1.0910975796307482E-003  -4.9138942420606368E-004   6.7812626318163852E-004   2.5676712585587480E-005
         117  -7.6326685554554807E-003   1.7174465010593516E-002  -1.0916029368421849E-003  -4.9320783016672969E-004   6.8413552486436052E-004   2.6169066440679906E-005
         118  -7.6911340816359884E-003   1.7792308261295877E-002  -1.0917687268391801E-003  -4.9496014325433224E-004   6.9013794664440854E-004   2.6665656196644798E-005
         119  -7.7481055802709016E-003   1.8416114735644400E-002  -1.0915977815745554E-003  -4.9664694309624184E-004   6.9613319318521699E-004   2.7166471904798350E-005
         120  -7.8035588266837626E-003   1.9043351949520268E-002  -1.0910930998580613E-003  -4.9826884109974460E-004   7.0212092869468927E-004   2.7671504214494108E-005
         121  -7.8574762117283262E-003   1.9670582169767747E-002  -1.0902578405262552E-003  -4.9982647601310500E-004   7.0810081698143750E-004   2.8180744375190279E-005
         122  -7.9098490013059294E-003   2.0293281941478603E-002  -1.0890953155460899E-003  -5.0132050997848173E-004   7.1407252152349231E-004   2.8694184229066556E-005
         123  -7.9606800389485054E-003   2.0905638646330240E-002  -1.0876089831145120E-003  -5.0275162503618672E-004   7.2003570555970880E-004   2.9211816194190446E-005
         124  -8.0099869426113138E-003   2.1500326889429024E-002  -1.0858024407844793E-003  -5.0412052003018920E-004   7.2599003219850540E-004   2.9733633241186468E-005
         125  -8.0578058367748034E-003   2.2068270998020049E-002  -1.0836794186552747E-003  -5.0542790787026326E-004   7.3193516455640579E-004   3.0259628853662292E-005
         126  -8.1041956411637885E-003   2.2598404901390905E-002  -1.0812437726640020E-003  -5.0667451311394438E-004   7.3787076593286971E-004   3.0789796976231185E-005
         127  -8.1492429040346554E-003   2.3077447455352878E-002  -1.0784994780048036E-003  -5.0786106981198364E-004   7.4379650001442723E-004   3.1324131946439106E-005
         128  -8.1930671166262278E-003   2.3489720067569417E-002  -1.0754506227108182E-003  -5.0898831958780006E-004   7.4971203113068932E-004   3.1862628406018940E-005
         129  -8.2358263714564783E-003   2.3817044183976763E-002  -1.0721014013903992E-003  -5.1005700989998400E-004   7.5561702454589807E-004   3.2405281192062418E-005
         130  -8.2777231269419473E-003   2.4038768204707940E-002  -1.0684561091664480E-003  -5.1106789244537024E-004   7.6151114680334908E-004   3.2952085208405218E-005
         131  -8.3190097129438936E-003   2.4131985267530017E-002  -1.0645191357815957E-003  -5.1202172166245623E-004   7.6739406610884617E-004   3.3503035276634398E-005
         132  -8.3599930597050270E-003   2.4072012439370506E-002  -1.0602949598871845E-003  -5.1291925327955968E-004   7.7326545274346032E-004   3.4058125968490323E-005
         133  -8.4010379674238789E-003   2.3833204110999581E-002  -1.0557881434824000E-003  -5.1376124287723173E-004   7.7912497951469610E-004   3.4617351430294652E-005
         134  -8.4425680777796084E-003   2.3390162294101610E-002  -1.0510033264798805E-003  -5.1454844440564714E-004   7.8497232218371590E-004   3.5180705202653202E-005
         135  -8.4850635980721466E-003   2.2719377799588287E-002  -1.0459452213588004E-003  -5.1528160863255758E-004   7.9080715987834844E-004   3.5748180060240946E-005
         136  -8.5290548127284604E-003   2.1801283503080388E-002  -1.0406186078498541E-003  -5.1596148148497125E-004   7.9662917542254767E-004   3.6319767874474945E-005
         137  -8.5751105532379142E-003   2.0622622269926973E-002  -1.0350283276202392E-003  -5.1658880228004156E-004   8.0243805554264724E-004   3.6895459533776054E-005
         138  -8.6238211388504869E-003   1.9178933048982053E-002  -1.0291792789078004E-003  -5.1716430183726425E-004   8.0823349089379751E-004   3.7475244938400633E-005
         139  -8.6757758736658759E-003   1.7476855110666382E-002  -1.0230764110842707E-003  -5.1768870051855330E-004   8.1401517584872216E-004   3.8059113089334070E-005
         140  -8.7315359672824940E-003   1.5535869702024658E-002  -1.0167247191477363E-003  -5.1816270624630099E-004   8.1978280798906500E-004   3.8647052285421568E-005
         141  -8.7916046405320386E-003   1.3389074981884869E-002  -1.0101292381866902E-003  -5.1858701257873833E-004   8.2553608726852431E-004   3.9239050440844814E-005
         142  -8.8563970149878220E-003   1.1082655077546693E-002  -1.0032950378886963E-003  -5.1896229695705463E-004   8.3127471483817326E-004   3.9835095493854625E-005
         143  -8.9262129473025933E-003   8.6738701825088919E-003  -9.9622721720431392E-004  -5.1928921922236491E-004   8.3699839154157340E-004   4.0435175902477522E-005
         144  -9.0012160514407243E-003   6.2276427386519107E-003  -9.8893089932353823E-004  -5.1956842052051271E-004   8.4270681614714393E-004   4.1039281160895128E-005
         145  -9.0814216365556893E-003   3.8120909229396424E-003  -9.8141122710095432E-004  -5.1980052264579855E-004   8.4839968339759536E-004   4.1647402304453514E-005
         146  -9.1666952102102527E-003   1.4935889760996335E-003  -9.7367335909121747E-004  -5.1998612789278941E-004   8.5407668199551621E-004   4.2259532337739797E-005
         147  -9.2567617560347180E-003  -6.6795644565182408E-004  -9.6572246629131092E-004  -5.2012581937753931E-004   8.5973749265243248E-004   4.2875666535963472E-005
         148  -9.3512245072648204E-003  -2.6229701475348056E-003  -9.5756372966957480E-004  -5.2022016179364202E-004   8.6538178632317240E-004   4.3495802603104043E-005
         149  -9.4495907336853441E-003  -4.3347550348071442E-003  -9.4920233847253636E-004  -5.2026970249387944E-004   8.7100922273776590E-004   4.4119940658768986E-005
         150  -9.5513013789461781E-003  -5.7805324288617635E-003  -9.4064348927627240E-004  -5.2027497278893408E-004   8.7661944931131323E-004   4.4748083076649813E-005
         151  -9.6557613093243566E-003  -6.9510592332126982E-003  -9.3189238568921920E-004  -5.2023648933769654E-004   8.8221210048182355E-004   4.5380234197316490E-005
         152  -9.7623673837238419E-003  -7.8491138326224376E-003  -9.2295423858780622E-004  -5.2015475552345987E-004   8.8778679750458494E-004   4.6016399966146413E-005
         153  -9.8705323390489395E-003  -8.4872519433358273E-003  -9.1383426677637809E-004  -5.2003026271875961E-004   8.9334314869408255E-004   4.6656587514402913E-005
         154  -9.9797033836124399E-003  -8.8852434645627868E-003  -9.0453769792885508E-004  -5.1986349138325252E-004   8.9888075009900332E-004   4.7300804760986689E-005
         155  -1.0089375216737778E-002  -9.0675373679998204E-003  -8.9506976974160343E-004  -5.1965491196189146E-004   9.0439918657441169E-004   4.7949060026443286E-005
         156  -1.0199097828387895E-002  -9.0609995737391969E-003  -8.8543573119720669E-004  -5.1940498556518936E-004   9.0989803320408382E-004   4.8601361715338797E-005
         157  -1.0308479836662285E-002  -8.8930610003725413E-003  -8.7564084389801713E-004  -5.1911416445951804E-004   9.1537685702486782E-004   4.9257718055043078E-005
         158  -1.0417188308967686E-002  -8.5903212971154917E-003  -8.6569038342288439E-004  -5.1878289236871036E-004   9.2083521898971975E-004   4.9918136902881120E-005
         159  -1.0524946032669196E-002  -8.1775880927967629E-003  -8.5558964069734178E-004  -5.1841160462761391E-004   9.2627267608811270E-004   5.0582625620028410E-005
         160  -1.0631527110898464E-002  -7.6772926526028724E-003  -8.4534392337425913E-004  -5.1800072822146730E-004   9.3168878354700166E-004   5.1251191005209968E-005
         161  -1.0736751611430279E-002  -7.1092059994057313E-003  -8.3495855721349953E-004  -5.1755068172987001E-004   9.3708309701270962E-004   5.1923839260442437E-005
         162  -1.0840479831016544E-002  -6.4903782611318286E-003  -8.2443888748288366E-004  -5.1706187521966202E-004   9.4245517460063107E-004   5.2600576011411621E-005
         163  -1.0942606580271684E-002  -5.8352319494221058E-003  -8.1379028037423143E-004  -5.1653471009475765E-004   9.4780457872770715E-004   5.3281406335823916E-005
         164  -1.1043055758998081E-002  -5.1557521016341711E-003  -8.0301812445740918E-004  -5.1596957893271255E-004   9.5313087760895670E-004   5.3966334820847403E-005
         165  -1.1141775384013916E-002  -4.4617293686648749E-003  -7.9212783216054457E-004  -5.1536686532114987E-004   9.5843364636806038E-004   5.4655365626016542E-005
         166  -1.1238733150698567E-002  -3.7610242477078963E-003  -7.8112484129709374E-004  -5.1472694370702969E-004   9.6371246768729951E-004   5.5348502545841495E-005
         167  -1.1333912552355274E-002  -3.0598308236146673E-003  -7.7001461663290789E-004  -5.1405017926821719E-004   9.6896693198637689E-004   5.6045749078767015E-005
         168  -1.1427309543660382E-002  -2.3629263515111878E-003  -7.5880265148918621E-004  -5.1333692781539470E-004   9.7419663714545714E-004   5.6747108488748147E-005
         169  -1.1518929711358917E-002  -1.6738989244193558E-003  -7.4749446939203308E-004  -5.1258753573151536E-004   9.7940118781083304E-004   5.7452583862396017E-005
         170  -1.1608785902996001E-002  -9.9534963718811062E-004  -7.3609562574793272E-004  -5.1180233995472627E-004   9.8458019436103409E-004   5.8162178163022675E-005
         171  -1.1696896259507244E-002  -3.2906844561024945E-004  -7.2461170955187169E-004  -5.1098166800080829E-004   9.8973327160769512E-004   5.8875894270067301E-005
         172  -1.1783282597379497E-002   3.2381532929395357E-004  -7.1304834510916768E-004  -5.1012583805011471E-004   9.9486003734441551E-004   5.9593735017193347E-005
         173  -1.1867969088949921E-002   9.6270589505780175E-004  -7.0141119377349810E-004  -5.0923515907642610E-004   9.9996011081443991E-004   6.0315703225365215E-005
         174  -1.1950981193912144E-002   1.5874348284151333E-003  -6.8970595567545759E-004  -5.0830993104030353E-004   1.0050331112067669E-003   6.1041801723521149E-005
         175  -1.2032344800328458E-002   2.1981732539288912E-003  -6.7793837145585121E-004  -5.0735044515442000E-004   1.0100786562230923E-003   6.1772033365406850E-005
         176  -1.2112085538817265E-002   2.7953598035954973E-003  -6.6611422395736848E-004  -5.0635698421282475E-004   1.0150963607884038E-003   6.2506401043603533E-005
         177  -1.2190228238767793E-002   3.3796419726174649E-003  -6.5423933989906141E-004  -5.0532982299416294E-004   1.0200858359325417E-003   6.3244907695877479E-005
         178  -1.2266796500191839E-002   3.9518287188214929E-003  -6.4231959149524810E-004  -5.0426922876495772E-004   1.0250466878457167E-003   6.3987556306213642E-005
         179  -1.2341812359099728E-002   4.5128524064952076E-003  -6.3036089802008619E-004  -5.0317546185543575E-004   1.0299785171410316E-003   6.4734349906735280E-005
         180  -1.2415296028044412E-002   5.0637384453439058E-003  -6.1836922729339593E-004  -5.0204877634176751E-004   1.0348809182798590E-003   6.5485291570616149E-005
         181  -1.2487265696724606E-002   5.6055812078200963E-003  -6.0635059709395996E-004  -5.0088942083585132E-004   1.0397534791679389E-003   6.6240384406469237E-005
         182  -1.2557737380343690E-002   6.1395250158152526E-003  -5.9431107646154904E-004  -4.9969763936993862E-004   1.0445957808932552E-003   6.6999631548600973E-005
         183  -1.2626724805804524E-002   6.6667491675778210E-003  -5.8225678689614706E-004  -4.9847367239967200E-004   1.0494073975828816E-003   6.7763036146970164E-005
         184  -1.2694239327872919E-002   7.1884561271823898E-003  -5.7019390343181979E-004  -4.9721775790224519E-004   1.0541878963542227E-003   6.8530601350354288E-005
         185  -1.2760289869189640E-002   7.7058621228829902E-003  -5.5812865556778362E-004  -4.9593013256940663E-004   1.0589368373389565E-003   6.9302330295127059E-005
         186  -1.2824882879548050E-002   8.2201894987412837E-003  -5.4606732805467979E-004  -4.9461103306270237E-004   1.0636537737647139E-003   7.0078226088424853E-005
         187  -1.2888022311190687E-002   8.7326602378699110E-003  -5.3401626150839264E-004  -4.9326069730809454E-004   1.0683382520732939E-003   7.0858291793675598E-005
         188  -1.2949709608098324E-002   9.2444901269840753E-003  -5.2198185285265539E-004  -4.9187936575854419E-004   1.0729898120554657E-003   7.1642530411107251E-005
         189  -1.3009943708382351E-002   9.7568830620254256E-003  -5.0997055556340626E-004  -4.9046728256640752E-004   1.0776079870068445E-003   7.2430944861209451E-005
         190  -1.3068721059985166E-002   1.0271025004287735E-002  -4.9798887970916108E-004  -4.8902469655796497E-004   1.0821923038779051E-003   7.3223537970114813E-005
         191  -1.3126035651009465E-002   1.0788077086018153E-002  -4.8604339177631372E-004  -4.8755186188672808E-004   1.0867422834249963E-003   7.4020312448040069E-005
         192  -1.3181879057148106E-002   1.1309167333871054E-002  -4.7414071425344427E-004  -4.8604903821903087E-004   1.0912574403482574E-003   7.4821270875258063E-005
         193  -1.3236240509956195E-002   1.1835380427213738E-002  -4.6228752497962122E-004  -4.8451649028861168E-004   1.0957372834184409E-003   7.5626415682753746E-005
         194  -1.3289106991108506E-002   1.2367744835225831E-002  -4.5049055622529499E-004  -4.8295448664165271E-004   1.1001813155908872E-003   7.6435749137457901E-005
         195  -1.3340463359398176E-002   1.2907216580821142E-002  -4.3875659350553421E-004  -4.8136329742041670E-004   1.1045890340981781E-003   7.7249273327923736E-005
         196  -1.3390292519090916E-002   1.3454658759492149E-002  -4.2709247410965503E-004  -4.7974319107440931E-004   1.1089599305315657E-003   7.8066990146164272E-005
         197  -1.3438575640413978E-002   1.4010815796378678E-002  -4.1550508533577923E-004  -4.7809442994233052E-004   1.1132934909035724E-003   7.8888901273476661E-005
         198  -1.3485292445514392E-002   1.4576281255342638E-002  -4.0400136241748678E-004  -4.7641726479782291E-004   1.1175891956928831E-003   7.9715008168333758E-005
         199  -1.3530421576165878E-002   1.5151457821339972E-002  -3.9258828613683100E-004  -4.7471192854728876E-004   1.1218465198797598E-003   8.0545312055161681E-005
         200  -1.3573941062967169E-002   1.5736507866772484E-002  -3.8127288011511798E-004  -4.7297862945674420E-004   1.1260649329627524E-003   8.1379813908835194E-005
         201  -1.3615828919705052E-002   1.6331292793268889E-002  -3.7006220777609250E-004  -4.7121754440831130E-004   1.1302438989601938E-003   8.2218514444636485E-005
         202  -1.3656063891035269E-002   1.6935299129316402E-002  -3.5896336898065805E-004  -4.6942881281114714E-004   1.1343828764130690E-003   8.3061414110133794E-005
         203  -1.3694626386571660E-002   1.7547549188996925E-002  -3.4798349634309966E-004  -4.6761253179725349E-004   1.1384813183623191E-003   8.3908513071005600E-005
         204  -1.3731499639735750E-002   1.8166494000897503E-002  -3.3712975123105211E-004  -4.6576875330113916E-004   1.1425386723300122E-003   8.4759811202476224E-005
         205  -1.3766671135103339E-002   1.8789886263895311E-002  -3.2640931948784276E-004  -4.6389748342824661E-004   1.1465543802920330E-003   8.5615308079422297E-005
         206  -1.3800134353006848E-002   1.9414631372044966E-002  -3.1582940689652190E-004  -4.6199868430944860E-004   1.1505278786461599E-003   8.6475002958653194E-005
         207  -1.3831890884129125E-002   2.0036615206017738E-002  -3.0539723446981683E-004  -4.6007227832715463E-004   1.1544585981867509E-003   8.7338894768131559E-005
         208  -1.3861952968736293E-002   2.0650508591871074E-002  -2.9512003363466754E-004  -4.5811815435991128E-004   1.1583459640765613E-003   8.8206982085857450E-005
         209  -1.3890346513454555E-002   2.1249550310481612E-002  -2.8500504145339677E-004  -4.5613617545668672E-004   1.1621893958327770E-003   8.9079263114027167E-005
         210  -1.3917114631022916E-002   2.1825313586663779E-002  -2.7505949606630855E-004  -4.5412618726946611E-004   1.1659883073305063E-003   8.9955735649943592E-005
         211  -1.3942321732377689E-002   2.2367465418623167E-002  -2.6529063261228141E-004  -4.5208802654907529E-004   1.1697421068162476E-003   9.0836397040388098E-005
         212  -1.3966058172174603E-002   2.2863534249227550E-002  -2.5570567997027703E-004  -4.5002152911796287E-004   1.1734501969658743E-003   9.1721244132743967E-005
         213  -1.3988445404146980E-002   2.3298709575929884E-002  -2.4631185880125530E-004  -4.4792653686887766E-004   1.1771119749693086E-003   9.2610273204560858E-005
         214  -1.4009641536981825E-002   2.3655707176458613E-002  -2.3711638146294223E-004  -4.4580290353991734E-004   1.1807268326674402E-003   9.3503479878205236E-005
         215  -1.4029847090465180E-002   2.3914745295696312E-002  -2.2812645450946068E-004  -4.4365049917844524E-004   1.1842941567517735E-003   9.4400859018677253E-005
         216  -1.4049310633134545E-002   2.4053689278452396E-002  -2.1934928454988542E-004  -4.4146921333254612E-004   1.1878133290286678E-003   9.5302404608244400E-005
         217  -1.4068333838029775E-002   2.4048432558724915E-002  -2.1079208812988253E-004  -4.3925895714432066E-004   1.1912837267688732E-003   9.6208109602321831E-005
         218  -1.4087275330488563E-002   2.3873587063318536E-002  -2.0246210594197079E-004  -4.3701966451819001E-004   1.1947047231495934E-003   9.7117965764532228E-005
         219  -1.4106552539503034E-002   2.3503550907843701E-002  -1.9436662070585343E-004  -4.3475129259016508E-004   1.1980756877843393E-003   9.8031963494973066E-005
         220  -1.4126640633144259E-002   2.2913999622118913E-002  -1.8651297632859553E-004  -4.3245382166828849E-004   1.2013959873587768E-003   9.8950091648295161E-005
         221  -1.4148067564050248E-002   2.2083803071230531E-002  -1.7890859316993879E-004  -4.3012725480570489E-004   1.2046649863345369E-003   9.9872337365956848E-005
         222  -1.4171404328848971E-002   2.0997300314026995E-002  -1.7156097065819067E-004  -4.2777161708737157E-004   1.2078820477307145E-003   1.0079868593874919E-004
         223  -1.4197249811881918E-002   1.9646771395451908E-002  -1.6447766516737469E-004  -4.2538695468051095E-004   1.2110465339238226E-003   1.0172912071376806E-004
         224  -1.4226210077326818E-002   1.8034840589862766E-002  -1.5766623041064167E-004  -4.2297333366672971E-004   1.2141578074295392E-003   1.0266362308599718E-004
         225  -1.4258872691182001E-002   1.6176453491544875E-002  -1.5113411295347885E-004  -4.2053083861374590E-004   1.2172152316007830E-003   1.0360217257996612E-004
         226  -1.4295777526094297E-002   1.4100023465050335E-002  -1.4488850905541983E-004  -4.1805957088559555E-004   1.2202181711748982E-003   1.0454474704437090E-004
         227  -1.4337386381760134E-002   1.1847375118017681E-002  -1.3893620836352434E-004  -4.1555964664799060E-004   1.2231659926012425E-003   1.0549132297870565E-004
         228  -1.4384054435071682E-002   9.4722443819102772E-003  -1.3328346564346155E-004  -4.1303119460269985E-004   1.2260580640891989E-003   1.0644187596429264E-004
         229  -1.4436006799263486E-002   7.0373192867259010E-003  -1.2793594130774681E-004  -4.1047435348510829E-004   1.2288937553398178E-003   1.0739638119055503E-004
         230  -1.4493323164356777E-002   4.6100798815380244E-003  -1.2289873000535714E-004  -4.0788926943136804E-004   1.2316724369455094E-003   1.0835481402115899E-004
         231  -1.4555932590394140E-002   2.2579490427909622E-003  -1.1817646364463083E-004  -4.0527609333750552E-004   1.2343934794905784E-003   1.0931715057639869E-004
         232  -1.4623619176500655E-002   4.3422130006088935E-005  -1.1377344988961001E-004  -4.0263497835316944E-004   1.2370562524007369E-003   1.1028336824219256E-004
         233  -1.4696037818291643E-002  -1.9801482144463523E-003  -1.0969380238928560E-004  -3.9996607767317147E-004   1.2396601226221499E-003   1.1125344609343471E-004
         234  -1.4772737931903436E-002  -3.7715788323457351E-003  -1.0594153285819712E-004  -3.9726954272166005E-004   1.2422044532365126E-003   1.1222736517499858E-004
         235  -1.4853192145993198E-002  -5.3034098124633364E-003  -1.0252059554754771E-004  -3.9454552183802515E-004   1.2446886020833557E-003   1.1320510863035199E-004
         236  -1.4936826682450053E-002  -6.5619801086567375E-003  -9.9434890491608468E-005  -3.9179415947130709E-004   1.2471119204913450E-003   1.1418666169476451E-004
         237  -1.5023050433674535E-002  -7.5462559215438759E-003  -9.6688239021434352E-005  -3.8901559589750592E-004   1.2494737521719348E-003   1.1517201156108144E-004
         238  -1.5111280439061089E-002  -8.2657875294907691E-003  -9.4284345097975418E-005  -3.8620996737228789E-004   1.2517734323025712E-003   1.1616114715438906E-004
         239  -1.5200962346849390E-002  -8.7382120261567803E-003  -9.2226752565407528E-005  -3.8337740667547933E-004   1.2540102868247524E-003   1.1715405886562971E-004
         240  -1.5291585315030175E-002  -8.9866767104538007E-003  -9.0518804445412495E-005  -3.8051804393091196E-004   1.2561836319377427E-003   1.1815073825760366E-004
         241  -1.5382691513743952E-002  -9.0374647422605380E-003  -8.9163607144116544E-005  -3.7763200762442017E-004   1.2582927737765980E-003   1.1915117779799337E-004
         242  -1.5473880875315487E-002  -8.9179958224456530E-003  -8.8164000404938715E-005  -3.7471942572867646E-004   1.2603370082323458E-003   1.2015537061896727E-004
         243  -1.5564811995429367E-002  -8.6552758531802630E-003  -8.7522532706670869E-005  -3.7178042687078990E-004   1.2623156208968682E-003   1.2116331033422463E-004
         244  -1.5655200159865084E-002  -8.2747945720756805E-003  -8.7241441353286614E-005  -3.6881514149171969E-004   1.2642278870984413E-003   1.2217499090491703E-004
         245  -1.5744813412210287E-002  -7.7998224675745464E-003  -8.7322636377617867E-005  -3.6582370294796425E-004   1.2660730720012469E-003   1.2319040656552128E-004
         246  -1.5833467444675571E-002  -7.2510346436417692E-003  -8.7767687462406719E-005  -3.6280624854776480E-004   1.2678504307575065E-003   1.2420955179076276E-004
         247  -1.5921019931033370E-002  -6.6463834886739603E-003  -8.8577813234510876E-005  -3.5976292049430162E-004   1.2695592087033861E-003   1.2523242130787156E-004
         248  -1.6007364758476961E-002  -6.0011474519547645E-003  -8.9753872402181385E-005  -3.5669386673927047E-004   1.2711986415873228E-003   1.2625901013984782E-004
         249  -1.6092426471486700E-002  -5.3280944659709175E-003  -9.1296356383645388E-005  -3.5359924173978239E-004   1.2727679558483577E-003   1.2728931366674215E-004
         250  -1.6176155123424948E-002  -4.6377116786568634E-003  -9.3205383141517346E-005  -3.5047920713636996E-004   1.2742663689359905E-003   1.2832332771115279E-004
         251  -1.6258521641796454E-002  -3.9384657787577071E-003  -9.5480692043977856E-005  -3.4733393233996230E-004   1.2756930896996217E-003   1.2936104861752099E-004
         252  -1.6339513748357567E-002  -3.2370690819309125E-003  -9.8121639643438738E-005  -3.4416359505605524E-004   1.2770473188504425E-003   1.3040247334634032E-004
         253  -1.6419132431370814E-002  -2.5387352596491475E-003  -1.0112719627039178E-004  -3.4096838174071443E-004   1.2783282495158537E-003   1.3144759955537153E-004
         254  -1.6497388939656618E-002  -1.8474151733856468E-003  -1.0449594342312677E-004  -3.3774848799447948E-004   1.2795350678950165E-003   1.3249642567849512E-004
         255  -1.6574302252466738E-002  -1.1660079953297970E-003  -1.0822607191481504E-004  -3.3450411891646799E-004   1.2806669540419723E-003   1.3354895099363629E-004
         256  -1.6649896972047152E-002  -4.9654601146704677E-004  -1.1231538077135448E-004  -3.3123548941091835E-004   1.2817230827561301E-003   1.3460517568064927E-004
         257  -1.6724201584215861E-002   1.5964643111743653E-004  -1.1676127688720306E-004  -3.2794282445915379E-004   1.2827026246010685E-003   1.3566510086916018E-004
         258  -1.6797247034332045E-002   8.0181814184084933E-004  -1.2156077543508892E-004  -3.2462635935287689E-004   1.2836047470365700E-003   1.3672872866677083E-004
         259  -1.6869065570067392E-002   1.4296781336091179E-003  -1.2671050104280548E-004  -3.2128633990474058E-004   1.2844286156339505E-003   1.3779606218430914E-004
         260  -1.6939689807468430E-002   2.0433019094141087E-003  -1.3220668974942750E-004  -3.1792302263859658E-004   1.2851733953644674E-003   1.3886710554040680E-004
         261  -1.7009151982171438E-002   2.6430543923598292E-003  -1.3804519174269306E-004  -3.1453667494445994E-004   1.2858382519055570E-003   1.3994186385972719E-004
         262  -1.7077483352904849E-002   3.2295270432403855E-003  -1.4422147488951317E-004  -3.1112757522458267E-004   1.2864223529342295E-003   1.4102034325716548E-004
         263  -1.7144713729330678E-002   3.8034869278411976E-003  -1.5073062906671231E-004  -3.0769601301751002E-004   1.2869248693481376E-003   1.4210255081230271E-004
         264  -1.7210871100735155E-002   4.3658357462934040E-003  -1.5756737128377521E-004  -3.0424228910548335E-004   1.2873449763688004E-003   1.4318849453514803E-004
         265  -1.7275981345997286E-002   4.9175770904469627E-003  -1.6472605161068412E-004  -3.0076671560222499E-004   1.2876818544746162E-003   1.4427818332139649E-004
         266  -1.7340068008695267E-002   5.4597904352322599E-003  -1.7220065989988082E-004  -2.9726961603282042E-004   1.2879346901296103E-003   1.4537162690192814E-004
         267  -1.7403152124154289E-002   5.9936105869961608E-003  -1.7998483329051569E-004  -2.9375132539115903E-004   1.2881026762711393E-003   1.4646883578389039E-004
         268  -1.7465252087762204E-002   6.5202115015819372E-003  -1.8807186450084062E-004  -2.9021219018679110E-004   1.2881850125413365E-003   1.4756982118764545E-004
         269  -1.7526383556037816E-002   7.0407935462011451E-003  -1.9645471087111386E-004  -2.8665256847597672E-004   1.2881809052709000E-003   1.4867459497618738E-004
         270  -1.7586559373784200E-002   7.5565734124993051E-003  -2.0512600416698563E-004  -2.8307282987340019E-004   1.2880895672165980E-003   1.4978316958647844E-004
         271  -1.7645789522259318E-002   8.0687759950542805E-003  -2.1407806109937828E-004  -2.7947335556416635E-004   1.2879102170861598E-003   1.5089555794779114E-004
         272  -1.7704081084688794E-002   8.5786276316249556E-003  -2.2330289455201301E-004  -2.7585453827670269E-004   1.2876420788964415E-003   1.5201177341142038E-004
         273  -1.7761438226718430E-002   9.0873501604549194E-003  -2.3279222548568156E-004  -2.7221678226215418E-004   1.2872843812038995E-003   1.5313182966725361E-004
         274  -1.7817862190538217E-002   9.5961552872616436E-003  -2.4253749548374848E-004  -2.6856050324837336E-004   1.2868363562576236E-003   1.5425574066432781E-004
         275  -1.7873351302535038E-002   1.0106238771184502E-002  -2.5252987991757731E-004  -2.6488612837344662E-004   1.2862972391288021E-003   1.5538352053522569E-004
         276  -1.7927900995420396E-002   1.0618773935507576E-002  -2.6276030168515164E-004  -2.6119409611583287E-004   1.2856662668645044E-003   1.5651518351604218E-004
         277  -1.7981503846918150E-002   1.1134903985404111E-002  -2.7321944548974617E-004  -2.5748485620022757E-004   1.2849426776912179E-003   1.5765074387122358E-004
         278  -1.8034149638319476E-002   1.1655732570906852E-002  -2.8389777261814987E-004  -2.5375886948550246E-004   1.2841257103132823E-003   1.5879021582224608E-004
         279  -1.8085825437566715E-002   1.2182311967925330E-002  -2.9478553617532738E-004  -2.5001660784558857E-004   1.2832146033226821E-003   1.5993361347348871E-004
         280  -1.8136515713047141E-002   1.2715628162342707E-002  -3.0587279672492730E-004  -2.4625855403370619E-004   1.2822085947316693E-003   1.6108095074814733E-004
         281  -1.8186202486065152E-002   1.3256582010721807E-002  -3.1714943830087251E-004  -2.4248520152993984E-004   1.2811069216248480E-003   1.6223224132606821E-004
         282  -1.8234865532001817E-002   1.3805965515055633E-002  -3.2860518472286850E-004  -2.3869705438980227E-004   1.2799088199539172E-003   1.6338749858232015E-004
         283  -1.8282482642581876E-002   1.4364432087868900E-002  -3.4022961618417952E-004  -2.3489462708051927E-004   1.2786135244285588E-003   1.6454673553787467E-004
         284  -1.8329029964488139E-002   1.4932459498970074E-002  -3.5201218604862103E-004  -2.3107844432183091E-004   1.2772202685362637E-003   1.6570996480319873E-004
         285  -1.8374482432821495E-002   1.5510303989857676E-002  -3.6394223780530563E-004  -2.2724904093695438E-004   1.2757282846329902E-003   1.6687719854517795E-004
         286  -1.8418814321694902E-002   1.6097943823830702E-002  -3.7600902213715562E-004  -2.2340696172923317E-004   1.2741368041338309E-003   1.6804844843794464E-004
         287  -1.8461999938526812E-002   1.6695010323274247E-002  -3.8820171403153308E-004  -2.1955276139068238E-004   1.2724450577460769E-003   1.6922372563437887E-004
         288  -1.8504014493390526E-002   1.7300704253882984E-002  -4.0050942989672641E-004  -2.1568700447404440E-004   1.2706522757658827E-003   1.7040304073628030E-004
         289  -1.8544835179952163E-002   1.7913695285998739E-002  -4.1292124462012078E-004  -2.1181026545432304E-004   1.2687576883956273E-003   1.7158640377044679E-004
         290  -1.8584442509905680E-002   1.8532002252427449E-002  -4.2542620851334880E-004  -2.0792312891282198E-004   1.2667605260998104E-003   1.7277382416608177E-004
         291  -1.8622821948009446E-002   1.9152852113197363E-002  -4.3801336409320893E-004  -2.0402618989929361E-004   1.2646600199568328E-003   1.7396531074032330E-004
         292  -1.8659965899277507E-002   1.9772516048472535E-002  -4.5067176264140482E-004  -2.0012005452893456E-004   1.2624554020253666E-003   1.7516087168096739E-004
         293  -1.8695876102620072E-002   2.0386122092715762E-002  -4.6339048048740631E-004  -1.9620534089777867E-004   1.2601459056988786E-003   1.7636051453214467E-004
         294  -1.8730566484937140E-002   2.0987445408492369E-002  -4.7615863496770463E-004  -1.9228268040201449E-004   1.2577307660580344E-003   1.7756424618427924E-004
         295  -1.8764066524439547E-002   2.1568679943313858E-002  -4.8896539999454666E-004  -1.8835271959219941E-004   1.2552092202087622E-003   1.7877207285252976E-004
         296  -1.8796425159176650E-002   2.2120199129519551E-002  -5.0180002119240531E-004  -1.8441612266144634E-004   1.2525805076036053E-003   1.7998400005715025E-004
         297  -1.8827715253104439E-002   2.2630318804659235E-002  -5.1465183054386955E-004  -1.8047357472367651E-004   1.2498438703610806E-003   1.8120003259336679E-004
         298  -1.8858038593441546E-002   2.3085082931858958E-002  -5.2751026049074944E-004  -1.7652578596506635E-004   1.2469985535673296E-003   1.8242017449062223E-004
         299  -1.8887531335012763E-002   2.3468102109748742E-002  -5.4036485744030354E-004  -1.7257349673586804E-004   1.2440438055877447E-003   1.8364442896443795E-004
         300  -1.8916369725348242E-002   2.3760486057972492E-002  -5.5320529462948875E-004  -1.6861748351429501E-004   1.2409788783809658E-003   1.8487279833682326E-004
         301  -1.8944775835288922E-002   2.3940923413812633E-002  -5.6602138429265195E-004  -1.6465856546232191E-004   1.2378030278414321E-003   1.8610528394930143E-004
         302  -1.8973022883609362E-002   2.3985973499247928E-002  -5.7880308909515803E-004  -1.6069761099870306E-004   1.2345155141848321E-003   1.8734188604433607E-004
         303  -1.9001439586214811E-002   2.3870642151329415E-002  -5.9154053279619507E-004  -1.5673554334637245E-004   1.2311156023936585E-003   1.8858260362933276E-004
         304  -1.9030412795192686E-002   2.3569312701348304E-002  -6.0422401011458831E-004  -1.5277334352377186E-004   1.2276025627536706E-003   1.8982743430756452E-004
         305  -1.9060387546908739E-002   2.3057087891476150E-002  -6.1684399578117556E-004  -1.4881204873169304E-004   1.2239756715029598E-003   1.9107637409772677E-004
         306  -1.9091863551905654E-002   2.2311562705437243E-002  -6.2939115278958077E-004  -1.4485274387932985E-004   1.2202342116216795E-003   1.9232941724094116E-004
         307  -1.9125387185517026E-002   2.1314987137226519E-002  -6.4185633986395285E-004  -1.4089654437274515E-004   1.2163774737798934E-003   1.9358655600480607E-004
         308  -1.9161538234574553E-002   2.0056691910769874E-002  -6.5423061821170655E-004  -1.3694456957172039E-004   1.2124047574558906E-003   1.9484778051092556E-004
         309  -1.9200911069551643E-002   1.8535547568666624E-002  -6.6650525761384732E-004  -1.3299790862722187E-004   1.2083153722272108E-003   1.9611307860348875E-004
         310  -1.9244090556588430E-002   1.6762127806955147E-002  -6.7867174197786440E-004  -1.2905758336437484E-004   1.2041086392073194E-003   1.9738243578946619E-004
         311  -1.9291623855261189E-002   1.4760181728875221E-002  -6.9072177444702001E-004  -1.2512451531420291E-004   1.1997838925845374E-003   1.9865583526031629E-004
         312  -1.9343990145637879E-002   1.2567021595634401E-002  -7.0264728218516004E-004  -1.2119950474765683E-004   1.1953404812052400E-003   1.9993325803462848E-004
         313  -1.9401571102440517E-002   1.0232529583915342E-002  -7.1444042093835264E-004  -1.1728322750885726E-004   1.1907777701048059E-003   2.0121468321579583E-004
         314  -1.9464625363499379E-002   7.8166827567634385E-003  -7.2609357943229352E-004  -1.1337625109120773E-004   1.1860951419007714E-003   2.0250008836486582E-004
         315  -1.9533270138322567E-002   5.3857594244188156E-003  -7.3759938362977749E-004  -1.0947906622593236E-004   1.1812919979436929E-003   2.0378944996922414E-004
         316  -1.9607472396605652E-002   3.0076592145903691E-003  -7.4895070079141325E-004  -1.0559212654134271E-004   1.1763677591497719E-003   2.0508274396680050E-004
         317  -1.9687050854500662E-002   7.4696595537212997E-004  -7.6014064327890017E-004  -1.0171588785303997E-004   1.1713218664664877E-003   2.0637994628001997E-004
         318  -1.9771688483686618E-002  -1.3395557330365222E-003  -7.7116257193862508E-004  -9.7850840362291358E-005   1.1661537809408082E-003   2.0768103331239538E-004
         319  -1.9860953837275923E-002  -3.2064334752731488E-003  -7.8201009894383932E-004  -9.3997530197262099E-005   1.1608629834202822E-003   2.0898598235150124E-004
         320  -1.9954328429588233E-002  -4.8215532810364616E-003  -7.9267708993442198E-004  -9.0156569872431642E-005   1.1554489739382667E-003   2.1029477185898493E-004
         321  -2.0051236917714974E-002  -6.1667201300172119E-003  -8.0315766534793959E-004  -8.6328639470023636E-005   1.1499112708488778E-003   2.1160738161306200E-004
         322  -2.0151076938780016E-002  -7.2368721444511898E-003  -8.1344620086711190E-004  -8.2514481301483765E-005   1.1442494098039479E-003   2.1292379272195360E-004
         323  -2.0253246035765143E-002  -8.0382864168182730E-003  -8.2353732695128739E-004  -7.8714890834137189E-005   1.1384629426556602E-003   2.1424398751446774E-004
         324  -2.0357163948926560E-002  -8.5861905278743940E-003  -8.3342592747074240E-004  -7.4930706162899208E-005   1.1325514363423491E-003   2.1556794933518995E-004
         325  -2.0462289442610675E-002  -8.9021764241021522E-003  -8.4310713750573602E-004  -7.1162797572028977E-005   1.1265144718255529E-003   2.1689566228681045E-004
         326  -2.0568131611526139E-002  -9.0117332157914065E-003  -8.5257634037461637E-004  -6.7412058119679084E-005   1.1203516430992669E-003   2.1822711093863622E-004
         327  -2.0674256174030473E-002  -8.9421084915446147E-003  -8.6182916400150600E-004  -6.3679395658339003E-005   1.1140625562914767E-003   2.1956228004145281E-004
         328  -2.0780287591679165E-002  -8.7206033828141957E-003  -8.7086147670543490E-004  -5.9965726374864770E-005   1.1076468288612102E-003   2.2090115426763634E-004
         329  -2.0885907982874190E-002  -8.3733227149243184E-003  -8.7966938251371951E-004  -5.6271969765838118E-005   1.1011040888768964E-003   2.2224371797932186E-004
         330  -2.0990853777201973E-002  -7.9243447429005378E-003  -8.8824921608407546E-004  -5.2599044841070733E-005   1.0944339743581943E-003   2.2358995505607996E-004
         331  -2.1094910943431262E-002  -7.3952437835081699E-003  -8.9659753731122238E-004  -4.8947867326052698E-005   1.0876361326728179E-003   2.2493984876098593E-004
         332  -2.1197909467044539E-002  -6.8048879557233155E-003  -9.0471112567779412E-004  -4.5319347672673404E-005   1.0807102199580491E-003   2.2629338165659914E-004
         333  -2.1299717588059194E-002  -6.1694365624047230E-003  -9.1258697442207586E-004  -4.1714389662139361E-005   1.0736559005558441E-003   2.2765053556199306E-004
         334  -2.1400236158537679E-002  -5.5024714448670227E-003  -9.2022228455222385E-004  -3.8133889463612629E-005   1.0664728464501848E-003   2.2901129154699628E-004
         335  -2.1499393352424800E-002  -4.8152094739491360E-003  -9.2761445876080029E-004  -3.4578735008565255E-005   1.0591607366902140E-003   2.3037562995257017E-004
         336  -2.1597139861279487E-002  -4.1167563286704295E-003  -9.3476109528273460E-004  -3.1049805598145403E-005   1.0517192568040177E-003   2.3174353043377884E-004
         337  -2.1693444636593697E-002  -3.4143732740038115E-003  -9.4165998171378553E-004  -2.7547971659721781E-005   1.0441480981940767E-003   2.3311497202166035E-004
         338  -2.1788291188894138E-002  -2.7137381182191687E-003  -9.4830908884096501E-004  -2.4074094605326574E-005   1.0364469575234901E-003   2.3448993319159477E-004
         339  -2.1881674421128837E-002  -2.0191888147466299E-003  -9.5470656450623184E-004  -2.0629026748104306E-005   1.0286155361007032E-003   2.3586839194451924E-004
         340  -2.1973597954563207E-002  -1.3339434869022429E-003  -9.6085072754682028E-004  -1.7213611259407198E-005   1.0206535392821917E-003   2.3725032588814280E-004
         341  -2.2064071895699425E-002  -6.6029433768342491E-004  -9.6674006182964612E-004  -1.3828682137886909E-005   1.0125606759010830E-003   2.3863571231757082E-004
         342  -2.2153110989561312E-002   2.2467570132164127E-007  -9.7237321043985316E-004  -1.0475064183667062E-005   1.0043366577528919E-003   2.4002452830094979E-004
         343  -2.2240733105694511E-002   6.4669504233067377E-004  -9.7774897003583558E-004  -7.1535729702576492E-006   9.9598119917141304E-004   2.4141675075566173E-004
         344  -2.2326958006741934E-002   1.2786935957010321E-003  -9.8286628543640454E-004  -3.8650148071546126E-006   9.8749401671235633E-004   2.4281235652835777E-004
         345  -2.2411806354260030E-002   1.8961925650597354E-003  -9.8772424446539383E-004  -6.1018669524159785E-007   9.7887482899560027E-004   2.4421132246524611E-004
         346  -2.2495298911777657E-002   2.4994771594151486E-003  -9.9232207312074374E-004   2.6101237309337116E-006   9.7012335674172875E-004   2.4561362548385644E-004
         347  -2.2577455910448511E-002   3.0890781645142255E-003  -9.9665913110706748E-004   5.7951382675165510E-006   9.6123932304749611E-004   2.4701924263623984E-004
         348  -2.2658296547693475E-002   3.6657172318581748E-003  -1.0007349077923789E-003   8.9440882161459151E-006   9.5222245395022048E-004   2.4842815117216899E-004
         349  -2.2737838593869807E-002   4.2302627828794057E-003  -1.0045490186633785E-003   1.2056214466517758E-005   9.4307247932961884E-004   2.4984032859480727E-004
         350  -2.2816098086095148E-002   4.7836947069935807E-003  -1.0081012023106953E-003   1.5130767582899933E-005   9.3378913419721148E-004   2.5125575271460568E-004
         351  -2.2893089091961027E-002   5.3270762787998418E-003  -1.0113913180335519E-003   1.8167007895022270E-005   9.2437216043040758E-004   2.5267440170216685E-004
         352  -2.2968823528967567E-002   5.8615319457134257E-003  -1.0144193440973757E-003   2.1164205590378007E-005   9.1482130899092867E-004   2.5409625413490630E-004
         353  -2.3043311028181416E-002   6.3882298369230418E-003  -1.0171853766838552E-003   2.4121640810053534E-005   9.0513634268318572E-004   2.5552128903957990E-004
         354  -2.3116558832888042E-002   6.9083680158283037E-003  -1.0196896295486411E-003   2.7038603744417034E-005   8.9531703948652784E-004   2.5694948593673022E-004
         355  -2.3188571724960246E-002   7.4231636409365087E-003  -1.0219324343453283E-003   2.9914394718927759E-005   8.8536319649029345E-004   2.5838082488203269E-004
         356  -2.3259351973348434E-002   7.9338443159221346E-003  -1.0239142415217567E-003   3.2748324289542369E-005   8.7527463446545857E-004   2.5981528649966730E-004
         357  -2.3328899300549946E-002   8.4416409997865177E-003  -1.0256356216064631E-003   3.5539713325137022E-005   8.6505120305629588E-004   2.6125285202440287E-004
         358  -2.3397210864226262E-002   8.9477819144975785E-003  -1.0270972665705179E-003   3.8287893090635071E-005   8.5469278660887981E-004   2.6269350332758571E-004
         359  -2.3464281252312331E-002   9.4534869317543513E-003  -1.0282999908119250E-003   4.0992205324771755E-005   8.4419931058892634E-004   2.6413722295892851E-004
         360  -2.3530102491094142E-002   9.9599619436562155E-003  -1.0292447311404215E-003   4.3652002309814207E-005   8.3357074853721740E-004   2.6558399417131771E-004
         361  -2.3594664066814604E-002   1.0468392724880586E-002  -1.0299325449446214E-003   4.6266646944386429E-005   8.2280712950275254E-004   2.6703380095329969E-004
         362  -2.3657952962496450E-002   1.0979937776721582E-002  -1.0303646056003478E-003   4.8835512801898637E-005   8.1190854582356697E-004   2.6848662805684120E-004
         363  -2.3719953712856935E-002   1.1495719605931379E-002  -1.0305421940784291E-003   5.1357984192222677E-005   8.0087516114822014E-004   2.6994246102819122E-004
         364  -2.3780648481488722E-002   1.2016813833219661E-002  -1.0304666858107980E-003   5.3833456216451882E-005   7.8970721852088298E-004   2.7140128623076896E-004
         365  -2.3840017165951365E-002   1.2544235446760390E-002  -1.0301395321600827E-003   5.6261334820672993E-005   7.7840504835394468E-004   2.7286309087440092E-004
