   5.7779542469896977E-004
   8.1104886468495361E-004
   9.5625772653249775E-004
   1.1732110182784343E-003
   2.1774551392523532E-003
   3.5818331723367649E-012
   5.7787030916328066E-004
   8.1103195695204119E-004
   9.5626481008444079E-004
   1.1732095292442382E-003
   2.1774551143027409E-003
   3.6638349873877242E-012
   5.7794571334186058E-004
   8.1101498818505363E-004
   9.5627184568955232E-004
   1.1732080972709218E-003
   2.1774550775967840E-003
   3.7469304260544738E-012
   5.7802061306594518E-004
   8.1099800477537416E-004
   9.5627888746957393E-004
   1.1732067282119172E-003
   2.1774550291275884E-003
   3.8312821387588100E-012
   5.7809386817115704E-004
   8.1098100492805775E-004
   9.5628581861831004E-004
   1.1732053580521544E-003
   2.1774548389480496E-003
   3.9170709464259393E-012
   5.7816430569065144E-004
   8.1096403540648857E-004
   9.5629275041373622E-004
   1.1732039932578675E-003
   2.1774547669323138E-003
   4.0044878706354809E-012
   5.7823063225327805E-004
   8.1094704649503266E-004
   9.5629956619759659E-004
   1.1732026405998157E-003
   2.1774546831336158E-003
   4.0937264704272314E-012
   5.7829152955573713E-004
   8.1093013380716117E-004
   9.5630637739553743E-004
   1.1732013773216030E-003
   2.1774545875456975E-003
   4.1849718441972314E-012
   5.7834575759550398E-004
   8.1091324818276895E-004
   9.5631306749237354E-004
   1.1732001406308049E-003
   2.1774546101028976E-003
   4.2783924964926990E-012
   5.7839212151537150E-004
   8.1089648584584909E-004
   9.5631974806091808E-004
   1.1731988680445369E-003
   2.1774544909183889E-003
   4.3741262154111696E-012
   5.7842970888199194E-004
   8.1087974995368436E-004
   9.5632630273381433E-004
   1.1731977078809175E-003
   2.1774543599267838E-003
   4.4722767819152293E-012
   5.7845770680872309E-004
   8.1086313745383682E-004
   9.5633278623504056E-004
   1.1731965280986779E-003
   2.1774543470628890E-003
   4.5729021780986598E-012
   5.7847568562075012E-004
   8.1084660063623134E-004
   9.5633925337201700E-004
   1.1731954074529515E-003
   2.1774541924401867E-003
   4.6760139578055613E-012
   5.7848339821181354E-004
   8.1083023727377031E-004
   9.5634558802088691E-004
   1.1731942846752064E-003
   2.1774541559342283E-003
   4.7815794525463164E-012
   5.7848091542620753E-004
   8.1081400053324454E-004
   9.5635184515968055E-004
   1.1731932391177719E-003
   2.1774541075991957E-003
   4.8895209966458732E-012
   5.7846857570403962E-004
   8.1079789240638505E-004
   9.5635802284845407E-004
   1.1731922101138508E-003
   2.1774539174893200E-003
   4.9997251435951156E-012
   5.7844688575503674E-004
   8.1078196372761865E-004
   9.5636411923428523E-004
   1.1731912074546293E-003
   2.1774538454805421E-003
   5.1120495561288465E-012
   5.7841664543047903E-004
   8.1076626584129059E-004
   9.5637007554357964E-004
   1.1731902412272760E-003
   2.1774537616272970E-003
   5.2263314576338791E-012
   5.7837863936977809E-004
   8.1075075392252234E-004
   9.5637594710127087E-004
   1.1731893218133824E-003
   2.1774536659246385E-003
   5.3423948431231506E-012
   5.7833385675457245E-004
   8.1073543204203109E-004
   9.5638173230967489E-004
   1.1731884598872725E-003
   2.1774535583677160E-003
   5.4600605124514310E-012
   5.7828318524200345E-004
   8.1072035317711615E-004
   9.5638742965334399E-004
   1.1731875962682290E-003
   2.1774535688923549E-003
   5.5791490434315211E-012
   5.7822758500957621E-004
   8.1070557087430974E-004
   9.5639298068942976E-004
   1.1731868123603007E-003
   2.1774534376127167E-003
   5.6994889429002347E-012
   5.7816805478929907E-004
   8.1069099422224672E-004
   9.5639844106986261E-004
   1.1731860495625898E-003
   2.1774532944648108E-003
   5.8209179389776437E-012
   5.7810533667736240E-004
   8.1067672628568684E-004
   9.5640380951662082E-004
   1.1731853197068144E-003
   2.1774532693847738E-003
   5.9432873173654407E-012
   5.7804029578942327E-004
   8.1066272568762845E-004
   9.5640897081013081E-004
   1.1731846349070010E-003
   2.1774531024870169E-003
   6.0664603808668877E-012
   5.7797357881677778E-004
   8.1064904834278961E-004
   9.5641409484879835E-004
   1.1731840075569142E-003
   2.1774530536484947E-003
   6.1903151868060785E-012
   5.7790582482262294E-004
   8.1063565408073172E-004
   9.5641906656053119E-004
   1.1731833801937814E-003
   2.1774528629838058E-003
   6.3147438797730789E-012
   5.7783761222989470E-004
   8.1062264836582055E-004
   9.5642388496202540E-004
   1.1731828359004496E-003
   2.1774527903701368E-003
   6.4396501924807288E-012
   5.7776937468498400E-004
   8.1060994389235014E-004
   9.5642854914008155E-004
   1.1731823177638918E-003
   2.1774527058629101E-003
   6.5649517553659311E-012
   5.7770147673627038E-004
   8.1059759898314339E-004
   9.5643311525991340E-004
   1.1731819094019035E-003
   2.1774526094582810E-003
   6.6905748074518672E-012
   5.7763431574487116E-004
   8.1058562421170224E-004
   9.5643752553434291E-004
   1.1731814843138929E-003
   2.1774525011525061E-003
   6.8164568629810039E-012
   5.7756813540025805E-004
   8.1057407907798233E-004
   9.5644177925101141E-004
   1.1731811266460039E-003
   2.1774523809419489E-003
   6.9425439745848392E-012
   5.7750322271539055E-004
   8.1056287863827848E-004
   9.5644593277162686E-004
   1.1731807805526909E-003
   2.1774522488230766E-003
   7.0687892453130826E-012
   5.7743967455681146E-004
   8.1055208353581301E-004
   9.5644987148891223E-004
   1.1731805306872567E-003
   2.1774522347330900E-003
   7.1951512601982581E-012
   5.7737771904937398E-004
   8.1054175496352737E-004
   9.5645365188666196E-004
   1.1731803217126724E-003
   2.1774520787873879E-003
   7.3215952761817062E-012
   5.7731745974548424E-004
   8.1053180963670086E-004
   9.5645733050774592E-004
   1.1731800985471403E-003
   2.1774520408639952E-003
   7.4480916045083760E-012
   5.7725902648219653E-004
   8.1052230980622889E-004
   9.5646079291940517E-004
   1.1731800166922639E-003
   2.1774518610785075E-003
   7.5746129424817844E-012
   5.7720246034719631E-004
   8.1051331822181783E-004
   9.5646409577587017E-004
   1.1731799514342368E-003
   2.1774517993091271E-003
   7.7011378811747854E-012
   5.7714785711879279E-004
   8.1050475310503220E-004
   9.5646723877364389E-004
   1.1731799185228198E-003
   2.1774517256122543E-003
   7.8276452829201031E-012
   5.7709524017276407E-004
   8.1049662981095639E-004
   9.5647022166026746E-004
   1.1731799339354683E-003
   2.1774515100443925E-003
   7.9541177543153750E-012
   5.7704468675956173E-004
   8.1048906079812290E-004
   9.5647298722104708E-004
   1.1731800138722779E-003
   2.1774514124839736E-003
   8.0805393181180413E-012
   5.7699621608993835E-004
   8.1048191726159496E-004
   9.5647559231095281E-004
   1.1731801747507258E-003
   2.1774513029876518E-003
   8.2068959777860952E-012
   5.7694985789468183E-004
   8.1047531245189081E-004
   9.5647803681896322E-004
   1.1731803631041444E-003
   2.1774511815527775E-003
   8.3331758026182220E-012
   5.7690562133936359E-004
   8.1046921497218119E-004
   9.5648026366568228E-004
   1.1731806658692384E-003
   2.1774510481767716E-003
   8.4593664628265212E-012
   5.7686357310970243E-004
   8.1046364208530483E-004
   9.5648232983584585E-004
   1.1731809598999295E-003
   2.1774510327977007E-003
   8.5854572723314347E-012
   5.7682371237000518E-004
   8.1045861134892028E-004
   9.5648417833027433E-004
   1.1731813325301136E-003
   2.1774508755319517E-003
   8.7114382198345144E-012
   5.7678605971506734E-004
   8.1045409225306061E-004
   9.5648580919841712E-004
   1.1731818011855115E-003
   2.1774507063177283E-003
   8.8372989505318304E-012
   5.7675061365369709E-004
   8.1045015118075270E-004
   9.5648727953650539E-004
   1.1731822433062500E-003
   2.1774506550932510E-003
   8.9630319157042819E-012
   5.7671745248385944E-004
   8.1044675805024252E-004
   9.5648847543881648E-004
   1.1731828168507891E-003
   2.1774504619751435E-003
   9.0886282344233611E-012
   5.7668656806993135E-004
   8.1044393127329296E-004
   9.5648951107732817E-004
   1.1731834696894964E-003
   2.1774503868422701E-003
   9.2140771022404908E-012
   5.7665801940990551E-004
   8.1044164105996354E-004
   9.5649038662962670E-004
   1.1731841498628863E-003
   2.1774502997519126E-003
   9.3393711147724480E-012
   5.7663185460836788E-004
   8.1043995436969193E-004
   9.5649098827686339E-004
   1.1731848756471889E-003
   2.1774500707614514E-003
   9.4645009612177558E-012
   5.7660807840418651E-004
   8.1043879323123224E-004
   9.5649137326016286E-004
   1.1731856654630069E-003
   2.1774499597498153E-003
   9.5894586400833342E-012
   5.7658673435233353E-004
   8.1043827300348453E-004
   9.5649154183186048E-004
   1.1731866079351453E-003
   2.1774498367744567E-003
   9.7142330874403889E-012
   5.7656793009911464E-004
   8.1043831571378652E-004
   9.5649155127673180E-004
   1.1731875115442449E-003
   2.1774497018333763E-003
   9.8388156315859884E-012
   5.7655170325383778E-004
   8.1043898831345800E-004
   9.5649128786376566E-004
   1.1731885352352894E-003
   2.1774496848650476E-003
   9.9631967201706497E-012
   5.7653810599753023E-004
   8.1044021267583045E-004
   9.5649075190221123E-004
   1.1731896278622486E-003
   2.1774495259866537E-003
   1.0087364755729867E-011
   5.7652723330324995E-004
   8.1044205551671251E-004
   9.5649005773906803E-004
   1.1731907383908259E-003
   2.1774493551367500E-003
   1.0211309444999478E-011
   5.7651916021175342E-004
   8.1044453504639338E-004
   9.5648909168873520E-004
   1.1731919559994179E-003
   2.1774491723134683E-003
   1.0335018406004436E-011
   5.7651402834762761E-004
   8.1044757260435049E-004
   9.5648791111100002E-004
   1.1731932298340881E-003
   2.1774491074553299E-003
   1.0458478254069411E-011
   5.7651186847182455E-004
   8.1045123424393535E-004
   9.5648651636354512E-004
   1.1731946492246383E-003
   2.1774489006797775E-003
