   3.0027934764919643E-006
   3.6871216283959078E-006
   6.8418076856418503E-006
   1.4505486687064830E-015
   1.8136714677638116E-006
   2.5490455501258703E-006
   3.0027959935521571E-006
   3.6871156889056027E-006
   6.8418073663937391E-006
   1.4326600715402358E-015
   1.8136493890691073E-006
   2.5490649736305332E-006
   3.0027986723404693E-006
   3.6871097459753554E-006
   6.8418074231979175E-006
   1.4139716175872753E-015
   1.8136294076657346E-006
   2.5490846154157882E-006
   3.0028015261616631E-006
   3.6871035429841597E-006
   6.8418074477384906E-006
   1.3945039583423932E-015
   1.8136116934790573E-006
   2.5491045996460889E-006
   3.0028047470541146E-006
   3.6870974834673539E-006
   6.8418074399615500E-006
   1.3742773643126119E-015
   1.8135961668716182E-006
   2.5491247446463220E-006
   3.0028079897587513E-006
   3.6870915305854855E-006
   6.8418073998134436E-006
   1.3533130776399441E-015
   1.8135830354256413E-006
   2.5491451707406774E-006
   3.0028114457418062E-006
   3.6870854272001755E-006
   6.8418073272407508E-006
   1.3316319744084805E-015
   1.8135722883924953E-006
   2.5491659964577099E-006
   3.0028151271627415E-006
   3.6870793562759200E-006
   6.8418072221903067E-006
   1.3092551482822619E-015
   1.8135639869724378E-006
   2.5491868827844585E-006
   3.0028190458705875E-006
   3.6870730603608969E-006
   6.8418070846091947E-006
   1.2862037220027447E-015
   1.8135583767334080E-006
   2.5492080968581056E-006
   3.0028230343927791E-006
   3.6870669423085220E-006
   6.8418073227093473E-006
   1.2624986445753267E-015
   1.8135554965460083E-006
   2.5492294484557348E-006
   3.0028272829323901E-006
   3.6870607444113020E-006
   6.8418071199094995E-006
   1.2381606155271469E-015
   1.8135554717217454E-006
   2.5492510498123589E-006
   3.0028318023509891E-006
   3.6870546491571923E-006
   6.8418072926869904E-006
   1.2132102938876331E-015
   1.8135582999778533E-006
   2.5492728598857379E-006
   3.0028366031622349E-006
   3.6870483985998709E-006
   6.8418070244598706E-006
   1.1876674335752733E-015
   1.8135643190051560E-006
   2.5492948364028749E-006
   3.0028415165226698E-006
   3.6870421750353499E-006
   6.8418071317072310E-006
   1.1615520205929080E-015
   1.8135735125459499E-006
   2.5493169359647176E-006
   3.0028467312218918E-006
   3.6870359405078923E-006
   6.8418072061125643E-006
   1.1348831098219914E-015
   1.8135861452153913E-006
   2.5493392661055223E-006
   3.0028520776731161E-006
   3.6870296569830364E-006
   6.8418068393584442E-006
   1.1076793919822041E-015
   1.8136022324778493E-006
   2.5493616295468476E-006
   3.0028577439010679E-006
   3.6870235065624688E-006
   6.8418068479265942E-006
   1.0799590416896855E-015
   1.8136221237267055E-006
   2.5493841321153834E-006
   3.0028635595364380E-006
   3.6870170106806914E-006
   6.8418068235004628E-006
   1.0517394774600849E-015
   1.8136460280413841E-006
   2.5494065750421364E-006
   3.0028695328031965E-006
   3.6870107917623355E-006
   6.8418067660298813E-006
   1.0230378991219141E-015
   1.8136740040770455E-006
   2.5494292148510894E-006
   3.0028758505080808E-006
   3.6870043711469842E-006
   6.8418066754649805E-006
   9.9387114967882761E-016
   1.8137063112228209E-006
   2.5494520036972788E-006
   3.0028823410404592E-006
   3.6869981510211180E-006
   6.8418065517561938E-006
   9.6425597579415017E-016
   1.8137432551208896E-006
   2.5494747414278102E-006
   3.0028890113589240E-006
   3.6869916526491366E-006
   6.8418068031223714E-006
   9.3420922944269638E-016
   1.8137849673592471E-006
   2.5494973796133436E-006
   3.0028960469847295E-006
   3.6869852782182238E-006
   6.8418066129786230E-006
   9.0374859098476741E-016
   1.8138317820319994E-006
   2.5495201736331069E-006
   3.0029032750081550E-006
   3.6869787692123130E-006
   6.8418063895441472E-006
   8.7289318218918761E-016
   1.8138837969104672E-006
   2.5495427710132228E-006
   3.0029107010766694E-006
   3.6869725278811307E-006
   6.8418065410395761E-006
   8.4166379616170601E-016
   1.8139413743140648E-006
   2.5495654272430279E-006
   3.0029183303969068E-006
   3.6869660754835638E-006
   6.8418062508793065E-006
   8.1008497786703611E-016
   1.8140046200001704E-006
   2.5495879421411282E-006
   3.0029263467306139E-006
   3.6869595940790551E-006
   6.8418063355538461E-006
   7.7818558606292256E-016
   1.8140738116445541E-006
   2.5496104197920198E-006
   3.0029345754072588E-006
   3.6869530455176407E-006
   6.8418063867469183E-006
   7.4600109615224997E-016
   1.8141490248981011E-006
   2.5496328127582924E-006
   3.0029428413173887E-006
   3.6869466119914245E-006
   6.8418064044115405E-006
   7.1357525787277062E-016
   1.8142304796891757E-006
   2.5496550741543504E-006
   3.0029515059011554E-006
   3.6869400351966792E-006
   6.8418063885010718E-006
   6.8096334445309162E-016
   1.8143181634139760E-006
   2.5496771577534751E-006
   3.0029603931739188E-006
   3.6869334974805126E-006
   6.8418059306986493E-006
   6.4823465862250423E-016
   1.8144121183913316E-006
   2.5496990180931643E-006
   3.0029695057106739E-006
   3.6869269609963574E-006
   6.8418062557700485E-006
   6.1547644081415676E-016
   1.8145122439891263E-006
   2.5497206105786314E-006
   3.0029790246468350E-006
   3.6869203879954989E-006
   6.8418061388579981E-006
   5.8279786189805487E-016
   1.8146180829197458E-006
   2.5497420435623330E-006
   3.0029885936940155E-006
   3.6869137408380452E-006
   6.8418059881878655E-006
   5.5033443548755647E-016
   1.8147294696539063E-006
   2.5497632744920229E-006
   3.0029983931167740E-006
   3.6869072023308315E-006
   6.8418058037148359E-006
   5.1825238262957973E-016
   1.8148457267845694E-006
   2.5497842619820251E-006
   3.0030086027451577E-006
   3.6869007351040330E-006
   6.8418055853944748E-006
   4.8675318061579734E-016
   1.8149659902653062E-006
   2.5498048139264699E-006
   3.0030188649841990E-006
   3.6868940815898803E-006
   6.8418057414548506E-006
   4.5607718507516782E-016
   1.8150894112029525E-006
   2.5498250435340018E-006
   3.0030295377911789E-006
   3.6868874250402263E-006
   6.8418054553083372E-006
   4.2650612246093222E-016
   1.8152145478397829E-006
   2.5498449134740161E-006
   3.0030404416986674E-006
   3.6868807285441596E-006
   6.8418055434561719E-006
   3.9836412927340638E-016
   1.8153400218154215E-006
   2.5498645399202316E-006
   3.0030515758025005E-006
   3.6868741757246623E-006
   6.8418055975833890E-006
   3.7201582425604534E-016
   1.8154639151322696E-006
   2.5498835846764910E-006
   3.0030629387661762E-006
   3.6868675096866701E-006
   6.8418056176475506E-006
   3.4786140125450306E-016
   1.8155843915198316E-006
   2.5499023191255506E-006
   3.0030745288223547E-006
   3.6868609144499576E-006
   6.8418051953332615E-006
   3.2632820056058388E-016
   1.8156992812854051E-006
   2.5499205603600741E-006
   3.0030863437747406E-006
   3.6868541335142589E-006
   6.8418051471453352E-006
   3.0785869307197501E-016
   1.8158063142805355E-006
   2.5499382791384484E-006
   3.0030985600001567E-006
   3.6868473513415444E-006
   6.8418050647693982E-006
   2.9289493216081443E-016
   1.8159034168434165E-006
   2.5499555998898252E-006
   3.0031109954528944E-006
   3.6868407526498598E-006
   6.8418049481645480E-006
   2.8186129936914840E-016
   1.8159883293376040E-006
   2.5499721927500020E-006
   3.0031234676642113E-006
   3.6868340816351865E-006
   6.8418052055645293E-006
   2.7514604228290086E-016
   1.8160591430346650E-006
   2.5499883375118680E-006
   3.0031363307499782E-006
   3.6868273031256146E-006
   6.8418050203807230E-006
   2.7308430946104456E-016
   1.8161145107849090E-006
   2.5500038597238640E-006
   3.0031495804130175E-006
   3.6868206026222092E-006
   6.8418048008472378E-006
   2.7594436585479893E-016
   1.8161530361985604E-006
   2.5500188907096381E-006
   3.0031628539412659E-006
   3.6868137251040874E-006
   6.8418049551993557E-006
   2.8391792570760159E-016
   1.8161741233191674E-006
   2.5500331076687673E-006
   3.0031765042265396E-006
   3.6868070770697063E-006
   6.8418046668478352E-006
   2.9711670641577570E-016
   1.8161776694907167E-006
   2.5500467977046996E-006
   3.0031903467537524E-006
   3.6868001836733344E-006
   6.8418047523035848E-006
   3.1557445543299871E-016
   1.8161638232177849E-006
   2.5500596419124323E-006
   3.0032045546206233E-006
   3.6867934520514030E-006
   6.8418043949768093E-006
   3.3925410905203654E-016
   1.8161333193958428E-006
   2.5500719313725279E-006
   3.0032189425277784E-006
   3.6867868488424761E-006
   6.8418044113796320E-006
   3.6805907361794018E-016
   1.8160870857068896E-006
   2.5500833511838242E-006
   3.0032335037969229E-006
   3.6867799001454889E-006
   6.8418043931977403E-006
   4.0184674917569415E-016
   1.8160266536766708E-006
   2.5500940444317148E-006
   3.0032484103813990E-006
   3.6867732345852880E-006
   6.8418043403923892E-006
   4.4044276889916621E-016
   1.8159533457797274E-006
   2.5501038521767910E-006
   3.0032634758521917E-006
   3.6867663789663687E-006
   6.8418042529249422E-006
   4.8365493675192752E-016
   1.8158688579385316E-006
   2.5501129214169186E-006
   3.0032788714336934E-006
   3.6867597422401989E-006
   6.8418041307568746E-006
   5.3128527695478013E-016
   1.8157748398069682E-006
   2.5501210970536360E-006
   3.0032944099791596E-006
   3.6867528519491789E-006
   6.8418039738497716E-006
   5.8314005142955326E-016
   1.8156728963022044E-006
   2.5501285298476780E-006
   3.0033102620142702E-006
   3.6867461178463143E-006
   6.8418037821653305E-006
   6.3903729882213829E-016
   1.8155645133284221E-006
   2.5501349163727017E-006
   3.0033262397057522E-006
   3.6867392887280261E-006
   6.8418035556653670E-006
   6.9881220657017617E-016
   1.8154511981563043E-006
   2.5501404109665910E-006
   3.0033425129131487E-006
   3.6867325547371202E-006
   6.8418037025893896E-006
   7.6232015921947065E-016
   1.8153342318510993E-006
