   3.0080211893939914E-006
   5.5811733324658269E-006
   1.0970083213528954E-015
   1.4800010385470147E-006
   2.0789942276770032E-006
   2.4495898034302548E-006
   3.0080172501070543E-006
   5.5811735858306118E-006
   1.1092592336811665E-015
   1.4800219838901800E-006
   2.0789918711739240E-006
   2.4495867750634366E-006
   3.0080131695061039E-006
   5.5811734828812287E-006
   1.1208805246765320E-015
   1.4800449128455948E-006
   2.0789898143249092E-006
   2.4495838012344831E-006
   3.0080091168516381E-006
   5.5811733565837501E-006
   1.1318459912895976E-015
   1.4800698275735141E-006
   2.0789878413340628E-006
   2.4495807407878502E-006
   3.0080050816544688E-006
   5.5811735399057635E-006
   1.1421323510300901E-015
   1.4800967931572751E-006
   2.0789861099248997E-006
   2.4495777450830468E-006
   3.0080010529832950E-006
   5.5811733667548209E-006
   1.1517198395632859E-015
   1.4801259176268320E-006
   2.0789846553254816E-006
   2.4495748197910907E-006
   3.0079970194669499E-006
   5.5811735031192624E-006
   1.1605938544119838E-015
   1.4801569716766448E-006
   2.0789833901835618E-006
   2.4495718248898476E-006
   3.0079929692967360E-006
   5.5811736159266944E-006
   1.1687459678969848E-015
   1.4801901141816422E-006
   2.0789822284558941E-006
   2.4495689128500997E-006
   3.0079888902288636E-006
   5.5811733721034858E-006
   1.1761754933112982E-015
   1.4802252431252059E-006
   2.0789814572406572E-006
   2.4495660904347497E-006
   3.0079849489090390E-006
   5.5811734376404265E-006
   1.1828907672013641E-015
   1.4802621104692745E-006
   2.0789808688391606E-006
   2.4495632186937670E-006
   3.0079807735891020E-006
   5.5811734794645011E-006
   1.1889113541970143E-015
   1.4803005503334510E-006
   2.0789806284927199E-006
   2.4495604511453966E-006
   3.0079767093821245E-006
   5.5811734975240397E-006
   1.1942691524621056E-015
   1.4803403365518473E-006
   2.0789805304272470E-006
   2.4495576495170834E-006
   3.0079725630082509E-006
   5.5811734917675301E-006
   1.1990099795230901E-015
   1.4803809852481929E-006
   2.0789806176228790E-006
   2.4495549679866503E-006
   3.0079683200881347E-006
   5.5811734621436124E-006
   1.2031941010364719E-015
   1.4804221864131859E-006
   2.0789811816964633E-006
   2.4495522689268153E-006
   3.0079643244931206E-006
   5.5811734086010928E-006
   1.2068966463984164E-015
   1.4804632870015668E-006
   2.0789818949970621E-006
   2.4495495610817799E-006
   3.0079600230142757E-006
   5.5811733310889393E-006
   1.2102069829677357E-015
   1.4805037813597236E-006
   2.0789828022711496E-006
   2.4495469995555502E-006
   3.0079559380387118E-006
   5.5811735625805255E-006
   1.2132264526697513E-015
   1.4805429691190500E-006
   2.0789840726019335E-006
   2.4495444476239821E-006
   3.0079516948633609E-006
   5.5811734369769939E-006
   1.2160658173790653E-015
   1.4805799865827399E-006
   2.0789856273961158E-006
   2.4495419149055716E-006
   3.0079474563951606E-006
   5.5811732872517028E-006
   1.2188401607666472E-015
   1.4806141176216592E-006
   2.0789875121794981E-006
   2.4495394112915402E-006
   3.0079433851515784E-006
   5.5811734463794704E-006
   1.2216642427096592E-015
   1.4806446729997984E-006
   2.0789896485543276E-006
   2.4495370929927589E-006
   3.0079391052072862E-006
   5.5811735812854448E-006
   1.2246454680663691E-015
   1.4806708117172867E-006
   2.0789920820203392E-006
   2.4495346783026481E-006
   3.0079347782847828E-006
   5.5811733588935860E-006
   1.2278784443035907E-015
   1.4806920621284173E-006
   2.0789948578990715E-006
   2.4495323239289491E-006
   3.0079305657294316E-006
   5.5811734452052591E-006
   1.2314387427514819E-015
   1.4807077789821249E-006
   2.0789978972662155E-006
   2.4495301868095094E-006
   3.0079262697888201E-006
   5.5811735071449245E-006
   1.2353789014134060E-015
   1.4807175470395925E-006
   2.0790012447686280E-006
   2.4495279859403614E-006
   3.0079220510473827E-006
   5.5811735446626633E-006
   1.2397247899265642E-015
   1.4807213259382389E-006
   2.0790048205983183E-006
   2.4495258786946421E-006
   3.0079177109864373E-006
   5.5811735577086063E-006
   1.2444758417503362E-015
   1.4807189111622097E-006
   2.0790089162213294E-006
   2.4495238765917125E-006
   3.0079134094466310E-006
   5.5811735462329252E-006
   1.2496052159123303E-015
   1.4807105651443316E-006
   2.0790132026162010E-006
   2.4495218452901269E-006
   3.0079091265372094E-006
   5.5811735101858330E-006
   1.2550632053808981E-015
   1.4806962974325847E-006
   2.0790178457922784E-006
   2.4495200887839015E-006
   3.0079046626220117E-006
   5.5811734495175733E-006
   1.2607811043222130E-015
   1.4806767416348333E-006
   2.0790227629516094E-006
   2.4495181809797739E-006
   3.0079003558447681E-006
   5.5811733641784380E-006
   1.2666755545443687E-015
   1.4806522801940385E-006
   2.0790279942629123E-006
   2.4495164261981156E-006
   3.0078960058582513E-006
   5.5811732541187767E-006
   1.2726542524933323E-015
   1.4806234333973557E-006
   2.0790335788143273E-006
   2.4495148368030347E-006
   3.0078915913419795E-006
   5.5811734523180396E-006
   1.2786200515038523E-015
   1.4805906674841697E-006
   2.0790395545258292E-006
   2.4495132792466395E-006
   3.0078872700267555E-006
   5.5811732926689376E-006
   1.2844752451444732E-015
   1.4805547346432146E-006
   2.0790458341154603E-006
   2.4495117661554493E-006
   3.0078828405158977E-006
   5.5811734411804584E-006
   1.2901244895698627E-015
   1.4805160343253309E-006
   2.0790524529199858E-006
   2.4495104563149813E-006
   3.0078782804651037E-006
   5.5811732317442819E-006
   1.2954780059849316E-015
   1.4804751160171359E-006
   2.0790594448652128E-006
   2.4495090704732450E-006
   3.0078739260181613E-006
   5.5811733303708544E-006
   1.3004525571622060E-015
   1.4804324947203464E-006
   2.0790667184455045E-006
   2.4495079136523054E-006
   3.0078693953688241E-006
   5.5811734039814725E-006
   1.3049732946784636E-015
   1.4803886358165186E-006
   2.0790743045500976E-006
   2.4495068528151298E-006
   3.0078648446100251E-006
   5.5811734525272448E-006
   1.3089730043461030E-015
   1.4803439561866323E-006
   2.0790823563932449E-006
   2.4495057549945191E-006
   3.0078604295348233E-006
   5.5811731429282585E-006
   1.3123936059534995E-015
   1.4802988425700105E-006
   2.0790906536705651E-006
   2.4495049254072471E-006
   3.0078559467857494E-006
   5.5811731411979854E-006
   1.3151847798886248E-015
   1.4802534818179087E-006
   2.0790993461758297E-006
   2.4495040851420998E-006
   3.0078513721117904E-006
   5.5811731142571428E-006
   1.3173040005830658E-015
   1.4802081818008607E-006
   2.0791083340210620E-006
   2.4495033934466959E-006
   3.0078468603962034E-006
   5.5811733950895604E-006
   1.3187160957729107E-015
   1.4801632131464817E-006
   2.0791176394225223E-006
   2.4495027175060031E-006
   3.0078422073589918E-006
   5.5811733175833470E-006
   1.3193922778709874E-015
   1.4801187286444080E-006
   2.0791272827113753E-006
   2.4495022165934529E-006
   3.0078377467491271E-006
   5.5811732147223781E-006
   1.3193091981931814E-015
   1.4800749451587591E-006
   2.0791372822943275E-006
   2.4495019039375200E-006
   3.0078330942598005E-006
   5.5811730864589436E-006
   1.3184492677469771E-015
   1.4800320419217401E-006
   2.0791476546189524E-006
   2.4495016467141782E-006
   3.0078284036335637E-006
   5.5811732657787315E-006
   1.3167992620837431E-015
   1.4799900409697929E-006
   2.0791584141437746E-006
   2.4495014581117698E-006
   3.0078238283564711E-006
   5.5811730865682151E-006
   1.3143498007247768E-015
   1.4799490221790854E-006
   2.0791694493723095E-006
   2.4495014973153925E-006
   3.0078191627311136E-006
   5.5811732148469453E-006
   1.3110952433916637E-015
   1.4799091208276398E-006
   2.0791807707151587E-006
   2.4495014853530512E-006
   3.0078145597194535E-006
   5.5811729845005925E-006
   1.3070331498798345E-015
   1.4798704801335028E-006
   2.0791923865326855E-006
   2.4495017273328869E-006
   3.0078098130922865E-006
   5.5811730615501966E-006
   1.3021635066201803E-015
   1.4798330613724063E-006
   2.0792044270647087E-006
   2.4495020901849392E-006
   3.0078050753124596E-006
   5.5811731129152851E-006
   1.2964887998288583E-015
   1.4797968436946391E-006
   2.0792167726038165E-006
   2.4495025867907843E-006
   3.0078004986184816E-006
   5.5811731385493633E-006
   1.2900134844398119E-015
   1.4797620458740513E-006
   2.0792294253158110E-006
   2.4495032299371219E-006
   3.0077956965543118E-006
   5.5811731384061030E-006
   1.2827440062002208E-015
   1.4797285613016491E-006
   2.0792423853030987E-006
   2.4495038862742078E-006
   3.0077910003810155E-006
   5.5811731124393500E-006
   1.2746882869814915E-015
   1.4796964843870068E-006
   2.0792556506134916E-006
   2.4495048604286773E-006
   3.0077862026680451E-006
   5.5811730606031308E-006
   1.2658555165533677E-015
   1.4796658447495252E-006
   2.0792692172537683E-006
   2.4495058727773295E-006
   3.0077814547621578E-006
   5.5811729828516379E-006
   1.2562563787559380E-015
   1.4796367126710536E-006
   2.0792830792079570E-006
   2.4495069356224141E-006
   3.0077767283065727E-006
   5.5811728791392459E-006
   1.2459024595029766E-015
   1.4796090505263145E-006
   2.0792972284602703E-006
   2.4495082071462756E-006
   3.0077718152211012E-006
   5.5811730824570747E-006
   1.2348062570378513E-015
   1.4795828456447148E-006
   2.0793116550226198E-006
   2.4495096993437193E-006
   3.0077670457799395E-006
   5.5811729266869728E-006
   1.2229813834659716E-015
   1.4795582578215782E-006
   2.0793263469666376E-006
   2.4495112780158057E-006
   3.0077622115203214E-006
   5.5811727448201569E-006
   1.2104417144883177E-015
   1.4795352527217987E-006
   2.0793414144020669E-006
   2.4495131008407400E-006
   3.0077572833095723E-006
   5.5811728698490876E-006
   1.1972023345353004E-015
   1.4795138765168128E-006
   2.0793565937500908E-006
