   0.0000000000000000     
  0.60434380986840119     
  0.84899344946799815     
   1.0003222068669533     
   1.2283814897531071     
   2.2788490924868272     
   3.9465863948209144E-017
  0.60434361171749429     
  0.84899381123179696     
   1.0003217295502143     
   1.2283801809827934     
   2.2788490793555716     
   2.3815849560247934E-016
  0.60434343912924926     
  0.84899414098884374     
   1.0003212184884969     
   1.2283788583780344     
   2.2788490598481737     
   7.9837496253844197E-016
  0.60434322807421681     
  0.84899448913176145     
   1.0003206764471664     
   1.2283774619371439     
   2.2788491698900160     
   2.0070662726397506E-015
  0.60434303342885987     
  0.84899480548769768     
   1.0003201657019174     
   1.2283761518341432     
   2.2788491375436997     
   4.2377459204516598E-015
  0.60434288155518601     
  0.84899514173846946     
   1.0003196291630339     
   1.2283747946126848     
   2.2788490987344017     
   7.9521217250802185E-015
  0.60434270239381038     
  0.84899539839575644     
   1.0003190096186636     
   1.2283734035871745     
   2.2788491893880978     
   1.3701402525306839E-014
  0.60434255780334423     
  0.84899567903068274     
   1.0003184286017641     
   1.2283720654218515     
   2.2788491375661670     
   2.2127246512027314E-014
  0.60434240258094840     
  0.84899598663928966     
   1.0003178882674875     
   1.2283707199559486     
   2.2788490791943623     
   3.3962320428634067E-014
  0.60434225172430367     
  0.84899622363402416     
   1.0003172713893949     
   1.2283693069940698     
   2.2788491501992252     
   5.0030449319955745E-014
  0.60434213647395341     
  0.84899644485637094     
   1.0003166394744110     
   1.2283679864421422     
   2.2788490786408966     
   7.1246329025341870E-014
  0.60434203244572027     
  0.84899665514439415     
   1.0003159942645004     
   1.2283666246220772     
   2.2788491364016079     
   9.8614840329845762E-014
  0.60434190526810483     
  0.84899685992150564     
   1.0003153373571307     
   1.2283652345704037     
   2.2788491874967947     
   1.3322983588286643E-013
  0.60434180180325259     
  0.84899706517806484     
   1.0003146702022159     
   1.2283638292638632     
   2.2788490959410779     
   1.7627257471789111E-013
  0.60434173548584280     
  0.84899722684598455     
   1.0003139940992600     
   1.2283624216162898     
   2.2788491336178187     
   2.2900954361574015E-013
  0.60434165572580267     
  0.84899735198487813     
   1.0003133101947093     
   1.2283610978412032     
   2.2788491645417954     
   2.9278997374695738E-013
  0.60434157359196328     
  0.84899749875647412     
   1.0003126194795193     
   1.2283596506210142     
   2.2788491886838891     
   3.6904277492096961E-013
  0.60434155586337079     
  0.84899757397878872     
   1.0003119227869368     
   1.2283583127601456     
   2.2788492060149550     
   4.5927294553257705E-013
  0.60434151601419150     
  0.84899768732807424     
   1.0003111611663993     
   1.2283568768123774     
   2.2788492165058329     
   5.6505759140462686E-013
  0.60434152249454642     
  0.84899774647083115     
   1.0003104543781278     
   1.2283555020600878     
   2.2788492201273418     
   6.8804143717681996E-013
  0.60434154345617219     
  0.84899781126141827     
   1.0003096835228977     
   1.2283541276296801     
   2.2788492168502827     
   8.2993167017856741E-013
  0.60434160023072980     
  0.84899784068404915     
   1.0003089084095858     
   1.2283526925774393     
   2.2788492066454418     
   9.9249278749035125E-013
  0.60434168060821147     
  0.84899784462866490     
   1.0003081290576166     
   1.2283513559248813     
   2.2788491894835903     
   1.1775403779139770E-012
  0.60434180768751133     
  0.84899783324741562     
   1.0003073453202669     
   1.2283499098699828     
   2.2788491653354899     
   1.3869349610630175E-012
  0.60434193915118817     
  0.84899781691411558     
   1.0003065568841132     
   1.2283485132578953     
   2.2788491341718928     
   1.6225754321196218E-012
  0.60434212936529752     
  0.84899775557811674     
   1.0003057632687369     
   1.2283471048089911     
   2.2788490959635470     
   1.8863913238101217E-012
  0.60434234008276233     
  0.84899765992976428     
   1.0003049042017906     
   1.2283456964976125     
   2.2788491866400458     
   2.1803371938422930E-012
  0.60434262170759712     
  0.84899759135614294     
   1.0003040981187021     
   1.2283443002041845     
   2.2788491342546378     
   2.5063835006236575E-012
  0.60434294223780916     
  0.84899745947923688     
   1.0003032247889909     
   1.2283429277132178     
   2.2788492106959630     
   2.8665110048668757E-012
  0.60434331499135829     
  0.84899732573544973     
   1.0003023426914879     
   1.2283415173845622     
   2.2788491440165237     
   3.2627028985497039E-012
  0.60434375545901531     
  0.84899715030827660     
   1.0003015101411308     
   1.2283400808128637     
   2.2788492061057508     
   3.6969401601947194E-012
  0.60434424892599081     
  0.84899694389421176     
   1.0003006064135316     
   1.2283387028120178     
   2.2788491250154239     
   4.1711945747905051E-012
  0.60434483949627049     
  0.84899676765588905     
   1.0002996894989065     
   1.2283373214435558     
   2.2788491726357831     
   4.6874273835181178E-012
  0.60434551540949788     
  0.84899653075835413     
   1.0002988172285820     
   1.2283358746731403     
   2.2788492129780851     
   5.2475869188618119E-012
  0.60434625608715986     
  0.84899624334325985     
   1.0002978683989341     
   1.2283344469951780     
   2.2788492460132344     
   5.8536111271682997E-012
  0.60434709845210399     
  0.84899596587837822     
   1.0002969601554028     
   1.2283330494716334     
   2.2788492717121791     
   6.5074325823553334E-012
  0.60434800629108143     
  0.84899565729882431     
   1.0002959709870736     
   1.2283316197426712     
   2.2788491540851745     
   7.2109920301574220E-012
  0.60434905502327763     
  0.84899532677456513     
   1.0002950177395824     
   1.2283302419544264     
   2.2788491650245746     
   7.9662550843801474E-012
  0.60435024114129554     
  0.84899498306175625     
   1.0002940382343564     
   1.2283288535178449     
   2.2788491685409422     
   8.7752364909192250E-012
  0.60435149972540314     
  0.84899458385472204     
   1.0002930894049504     
   1.2283273917329867     
   2.2788491646054672     
   9.6400423504686159E-012
  0.60435292845645217     
  0.84899418755729217     
   1.0002921087941594     
   1.2283260136811978     
   2.2788492891509002     
   1.0562913065367492E-011
  0.60435444694519902     
  0.84899375082360462     
   1.0002910934390328     
   1.2283245831143939     
   2.2788492702257970     
   1.1546287785527709E-011
  0.60435612159101715     
  0.84899328033230193     
   1.0002900402491661     
   1.2283231835556263     
   2.2788492437628975     
   1.2592884056431537E-011
  0.60435793674918714     
  0.84899278214412932     
   1.0002890056399976     
   1.2283217518047949     
   2.2788492097337336     
   1.3705787690302655E-011
  0.60435990043289112     
  0.84899226166577846     
   1.0002879862833538     
   1.2283203711147697     
   2.2788491681099385     
   1.4888564599987319E-011
  0.60436201497224773     
  0.84899172361559871     
   1.0002869191124861     
   1.2283189047336767     
   2.2788492548256682     
   1.6145380879102422E-011
  0.60436421759101022     
  0.84899117199129226     
   1.0002858602133573     
   1.2283175089254270     
   2.2788491979281393     
   1.7481138684730558E-011
  0.60436656849763093     
  0.84899055943394020     
   1.0002847463184714     
   1.2283161199492589     
   2.2788492693143367     
   1.8901596789653452E-011
  0.60436901514228103     
  0.84898993901692354     
   1.0002836333283371     
   1.2283146739303861     
   2.2788491970309890     
   2.0413495344509289E-011
  0.60437151512638221     
  0.84898931240374464     
   1.0002825174336005     
   1.2283132534119305     
   2.2788492529760660     
   2.2024638131867001E-011
  0.60437407493043316     
  0.84898857921731441     
   1.0002813947516365     
   1.2283118675058144     
   2.2788493011591502     
   2.3743947411198957E-011
  0.60437661229132456     
  0.84898789126367957     
   1.0002802613351132     
   1.2283103786295264     
   2.2788492055892342     
   2.5581415944119216E-011
  0.60437912627333479     
  0.84898714645073936     
   1.0002791131808959     
   1.2283090154199974     
   2.2788492381657726     
   2.7547996282316369E-011
  0.60438154840656522     
  0.84898639362446282     
   1.0002779462392433     
   1.2283075667256036     
   2.2788492628982033     
   2.9655398448399065E-011
  0.60438381972222577     
  0.84898557952304077     
   1.0002768160538587     
   1.2283061143319807     
   2.2788492797594126     
   3.1915730639078586E-011
  0.60438588178128660     
  0.84898475119621419     
   1.0002755992491490     
   1.2283047398614939     
   2.2788492887224141     
   3.4341117094171947E-011
  0.60438766039657310     
  0.84898385356970996     
   1.0002744109539936     
   1.2283033049858247     
   2.2788492897603372     
   3.6943199997099035E-011
  0.60438912098366326     
  0.84898293187365814     
   1.0002731873964521     
   1.2283018910166161     
   2.2788492828464211     
   3.9732630219613558E-011
  0.60439018807155620     
  0.84898203042941722     
   1.0002719840674026     
   1.2283004325831344     
   2.2788492679540107     
   4.2718591723843003E-011
  0.60439083171642072     
  0.84898104082704295     
   1.0002707968359470     
   1.2282990106762799     
   2.2788492450565490     
   4.5908407877939482E-011
  0.60439103292219265     
  0.84898005619644501     
   1.0002695619559747     
   1.2282975596107806     
