   5.8445866647893882E-004
  0.60516445000235219     
  0.84995704576690134     
   1.0014977745318121     
   1.2305630035593140     
   2.2788544901738024     
   5.8453354991511912E-004
  0.60516423493983673     
  0.84995741461308127     
   1.0014972957468089     
   1.2305616947394127     
   2.2788544770457886     
   5.8460895295802415E-004
  0.60516404537859858     
  0.84995775140484231     
   1.0014967832758290     
   1.2305603720756966     
   2.2788544575418563     
   5.8468385167785618E-004
  0.60516381733569380     
  0.84995810658853299     
   1.0014962398901621     
   1.2305589755664463     
   2.2788545675874263     
   5.8475710603169871E-004
  0.60516360568648697     
  0.84995842987451753     
   1.0014957278015146     
   1.2305576652557930     
   2.2788545352451695     
   5.8482754272692070E-004
  0.60516343683906437     
  0.84995877305587719     
   1.0014951899267515     
   1.2305563079475257     
   2.2788544964404438     
   5.8489386854553287E-004
  0.60516324068473315     
  0.84995903652762672     
   1.0014945690605594     
   1.2305549168259948     
   2.2788545870992416     
   5.8495476521543870E-004
  0.60516307917758594     
  0.84995932397237817     
   1.0014939868132882     
   1.2305535785554076     
   2.2788545352828136     
   5.8500899272978199E-004
  0.60516290706499298     
  0.84995963826958643     
   1.0014934452772093     
   1.2305522331054637     
   2.2788544769171946     
   5.8505535620032207E-004
  0.60516273944194610     
  0.84995988194375882     
   1.0014928271631420     
   1.2305508200207198     
   2.2788545479286579     
   5.8509294300862621E-004
  0.60516260745157302     
  0.84996010971916458     
   1.0014921941261692     
   1.2305494993373292     
   2.2788544763776102     
   5.8512094065567223E-004
  0.60516248680680584     
  0.84996032648943043     
   1.0014915477760291     
   1.2305481375069174     
   2.2788545341461348     
   5.8513891928069488E-004
  0.60516234308817574     
  0.84996053773192104     
   1.0014908897883787     
   1.2305467473065081     
   2.2788545852497752     
   5.8514663156471582E-004
  0.60516222325580116     
  0.84996074932177390     
   1.0014902215516295     
   1.2305453419730126     
   2.2788544937030091     
   5.8514414892072526E-004
  0.60516214069746965     
  0.84996091724541722     
   1.0014895444439116     
   1.2305439342902456     
   2.2788545313893134     
   5.8513180905938830E-004
  0.60516204482506031     
  0.84996104856013288     
   1.0014888595505749     
   1.2305426103418302     
   2.2788545623234295     
   5.8511011937566193E-004
  0.60516194675877188     
  0.84996120142662479     
   1.0014881678716192     
   1.2305411630705818     
   2.2788545864762280     
   5.8507987918568439E-004
  0.60516191332782943     
  0.84996128260370962     
   1.0014874702495287     
   1.2305398251511162     
   2.2788546038183610     
   5.8504187330380385E-004
  0.60516185796256683     
  0.84996140182300728     
   1.0014867077434035     
   1.2305383891373027     
   2.2788546143209518     
   5.8499709128743342E-004
  0.60516184911697068     
  0.84996146674938344     
   1.0014860001233947     
   1.2305370143116947     
   2.2788546179549294     
   5.8494642020499963E-004
  0.60516185499588049     
  0.84996153723570056     
   1.0014852284304014     
   1.2305356399309817     
   2.2788546146906263     
   5.8489082043547381E-004
  0.60516189698365208     
  0.84996157220815982     
   1.0014844525540987     
   1.2305342047917485     
   2.2788546044989393     
   5.8483129103298088E-004
  0.60516196278045209     
  0.84996158161149526     
   1.0014836724546974     
   1.2305328680456926     
   2.2788545873510571     
   5.8476857375588758E-004
  0.60516207558764623     
  0.84996157559702745     
   1.0014828879969051     
   1.2305314220208772     
   2.2788545632171102     
   5.8470353388391906E-004
  0.60516219304681718     
  0.84996156442376380     
   1.0014820988794049     
   1.2305300253028402     
   2.2788545320682627     
   5.8463681790275825E-004
  0.60516236957945491     
  0.84996150821009309     
   1.0014813046338933     
   1.2305286168722378     
   2.2788544938751039     
   5.8456906520065407E-004
  0.60516256689849190     
  0.84996141753214305     
   1.0014804449309000     
   1.2305272084434744     
   2.2788545845672039     
   5.8450085403873866E-004
  0.60516283551336802     
  0.84996135377561910     
   1.0014796382888984     
   1.2305258121570930     
   2.2788545321980664     
   5.8443261770269310E-004
  0.60516314333498422     
  0.84996122656156470     
   1.0014787644210998     
   1.2305244396677859     
   2.2788546086558692     
   5.8436472142797550E-004
  0.60516350373932470     
  0.84996109738256975     
   1.0014778818904200     
   1.2305230293354461     
   2.2788545419933803     
   5.8429756218677912E-004
  0.60516393222795339     
  0.84996092636393317     
   1.0014770488857623     
   1.2305215927547866     
   2.2788546041000388     
   5.8423138369239399E-004
  0.60516441414585487     
  0.84996072420264102     
   1.0014761447673570     
   1.2305202147396259     
   2.2788545230274346     
   5.8416647325505884E-004
  0.60516499351136588     
  0.84996055211651322     
   1.0014752274703336     
   1.2305188333509665     
   2.2788545706659709     
   5.8410292720962372E-004
  0.60516565862540017     
  0.84996031915634207     
   1.0014743549111047     
   1.2305173866842669     
   2.2788546110270089     
   5.8404097386473102E-004
  0.60516638897019093     
  0.84996003552029376     
   1.0014734058311858     
   1.2305159589734058     
   2.2788546440811879     
   5.8398071723046588E-004
  0.60516722138587054     
  0.84995976173268417     
   1.0014724973214839     
   1.2305145615392692     
   2.2788546697995646     
   5.8392228644644779E-004
  0.60516811972088713     
  0.84995945661460615     
   1.0014715080270939     
   1.2305131317613289     
   2.2788545521924255     
   5.8386572315626776E-004
  0.60516915945735783     
  0.84995912939188878     
   1.0014705546692733     
   1.2305117540442994     
   2.2788545631519552     
   5.8381112306215947E-004
  0.60517033700571643     
  0.84995878882114528     
   1.0014695750856728     
   1.2305103656675931     
   2.2788545666891884     
   5.8375850934853956E-004
  0.60517158746245325     
  0.84995839259607542     
   1.0014686262259218     
   1.2305089037995480     
   2.2788545627747179     
   5.8370795927180895E-004
  0.60517300862026802     
  0.84995799906331770     
   1.0014676456494187     
   1.2305075257794522     
   2.2788546873417599     
   5.8365949217603359E-004
  0.60517451996164673     
  0.84995756493342456     
   1.0014666304098470     
   1.2305060952271409     
   2.2788546684386093     
   5.8361313760471080E-004
  0.60517618799828954     
  0.84995709688575760     
   1.0014655773634968     
   1.2305046956634114     
   2.2788546419981497     
   5.8356890523654178E-004
  0.60517799705459585     
  0.84995660092357028     
   1.0014645430129585     
   1.2305032638860958     
   2.2788546079921073     
   5.8352686119415051E-004
  0.60517995516117518     
  0.84995608251054666     
   1.0014635239070915     
   1.2305018832757693     
   2.2788545663916842     
   5.8348700460040300E-004
  0.60518206466581748     
  0.84995554630844117     
   1.0014624570665109     
   1.2305004168187694     
   2.2788546531313982     
   5.8344935661084469E-004
  0.60518426276102544     
  0.84995499631421800     
   1.0014613985946677     
   1.2304990209075062     
   2.2788545962584514     
   5.8341391548001771E-004
  0.60518660972250327     
  0.84995438522644018     
   1.0014602851017018     
   1.2304976319297507     
   2.2788546676697736     
   5.8338075935067890E-004
  0.60518905296941827     
  0.84995376600499617     
   1.0014591726461277     
   1.2304961857502448     
   2.2788545954121036     
   5.8334988024649770E-004
  0.60519155012267500     
  0.84995314042675274     
   1.0014580573665193     
   1.2304947651720375     
   2.2788546513835830     
   5.8332133707932803E-004
  0.60519410763215353     
  0.84995240811561623     
   1.0014569353281748     
   1.2304933791771160     
   2.2788546995935670     
   5.8329517838167646E-004
  0.60519664330214851     
  0.84995172076301972     
   1.0014558026023548     
   1.2304918900537747     
   2.2788546040513582     
   5.8327140826861174E-004
  0.60519915611891295     
  0.84995097633489214     
   1.0014546552041863     
   1.2304905266997503     
   2.2788546366559959     
   5.8325007065880726E-004
  0.60520157772743199     
  0.84995022367707918     
   1.0014534891726479     
   1.2304890778350062     
   2.2788546614173786     
   5.8323127318424153E-004
  0.60520384908157032     
  0.84994940958503495     
   1.0014523598599623     
   1.2304876252464851     
   2.2788546783079622     
   5.8321505340796175E-004
  0.60520591180877481     
  0.84994858099480564     
   1.0014511440495446     
   1.2304862506881999     
   2.2788546873008784     
   5.8320146371036382E-004
  0.60520769164413279     
  0.84994768283242372     
   1.0014499568190998     
   1.2304848155735715     
   2.2788546883692327     
   5.8319059867391603E-004
  0.60520915406983566     
  0.84994676044236184     
   1.0014487343456253     
   1.2304834013457862     
   2.2788546814863540     
   5.8318253383369037E-004
  0.60521022363281651     
  0.84994585803228906     
   1.0014475322093559     
   1.2304819426355729     
   2.2788546666250515     
   5.8317741044270287E-004
  0.60521087031066401     
  0.84994486724963791     
   1.0014463462285328     
   1.2304805205654079     
   2.2788546437589345     
   5.8317525942550182E-004
  0.60521107517390860     
  0.84994388122509490     
   1.0014451127463531     
   1.2304790691911345     
