   2.7423671140616610E-007
   3.2297430515250530E-007
   3.9646197191098223E-007
   7.3575175264062278E-007
   8.9195860919893555E-017
   1.9520401651988146E-007
   2.7423711193301987E-007
   3.2297611560452904E-007
   3.9646125861912333E-007
   7.3575176093218055E-007
   9.6790923696621120E-017
   1.9519101591633638E-007
   2.7423738568375617E-007
   3.2297793542907250E-007
   3.9646052235018982E-007
   7.3575172155821081E-007
   1.0475472554690986E-016
   1.9517796691912266E-007
   2.7423756629756671E-007
   3.2297980201171417E-007
   3.9645978374713377E-007
   7.3575172232523451E-007
   1.1308073314637063E-016
   1.9516493401063671E-007
   2.7423763853226101E-007
   3.2298167570327911E-007
   3.9645906350622721E-007
   7.3575171932394986E-007
   1.2176435668616503E-016
   1.9515199378014996E-007
   2.7423758729382872E-007
   3.2298357457829554E-007
   3.9645833495466170E-007
   7.3575171255033697E-007
   1.3080263504464629E-016
   1.9513921048766281E-007
   2.7423743031972836E-007
   3.2298549743176888E-007
   3.9645759518413602E-007
   7.3575170200038735E-007
   1.4019406130450489E-016
   1.9512663405070902E-007
   2.7423715278667655E-007
   3.2298746228298816E-007
   3.9645688876677602E-007
   7.3575168767010300E-007
   1.4993840638410176E-016
   1.9511430838613674E-007
   2.7423677268481887E-007
   3.2298942937000803E-007
   3.9645614176950415E-007
   7.3575166955549461E-007
   1.6003636737755742E-016
   1.9510225363080633E-007
   2.7423625907919846E-007
   3.2299141666047501E-007
   3.9645542259236355E-007
   7.3575164765258272E-007
   1.7048957284856720E-016
   1.9509051647131507E-007
   2.7423563017475934E-007
   3.2299344209851237E-007
   3.9645470484399342E-007
   7.3575162195739516E-007
   1.8130022008933282E-016
   1.9507910879814159E-007
   2.7423487157739163E-007
   3.2299548510138556E-007
   3.9645398590571288E-007
   7.3575163637144217E-007
   1.9247101050712519E-016
   1.9506804782659780E-007
   2.7423400166659994E-007
   3.2299754431639789E-007
   3.9645323950577976E-007
   7.3575160307983931E-007
   2.0400507874003783E-016
   1.9505735364082638E-007
   2.7423298985668614E-007
   3.2299963762277010E-007
   3.9645253429241220E-007
   7.3575160988960336E-007
   2.1590573921925208E-016
   1.9504703903655029E-007
   2.7423187100564717E-007
   3.2300174437548695E-007
   3.9645182040629705E-007
   7.3575156898578889E-007
   2.2817639185799043E-016
   1.9503711454294922E-007
   2.7423061463964968E-007
   3.2300386316351013E-007
   3.9645109548102883E-007
   7.3575156817550182E-007
   2.4082056488643429E-016
   1.9502758427452967E-007
   2.7422923936134667E-007
   3.2300601181171508E-007
   3.9645038093176529E-007
   7.3575156354930358E-007
   2.5384170521264662E-016
   1.9501846752656571E-007
   2.7422773111153191E-007
   3.2300816962340863E-007
   3.9644965081021389E-007
   7.3575155510327410E-007
   2.6724311993288796E-016
   1.9500975160951656E-007
   2.7422609219495326E-007
   3.2301037364651876E-007
   3.9644895038352290E-007
   7.3575154283350190E-007
   2.8102800738675948E-016
   1.9500145235735384E-007
   2.7422432492420532E-007
   3.2301256464943023E-007
   3.9644823012488550E-007
   7.3575148283046539E-007
   2.9519928316877579E-016
   1.9499358215384982E-007
   2.7422243160929092E-007
   3.2301479890811188E-007
   3.9644751172571062E-007
   7.3575150680712855E-007
   3.0975958543750399E-016
   1.9498614343024222E-007
   2.7422039820232890E-007
   3.2301703642046428E-007
   3.9644681694991328E-007
   7.3575148304275186E-007
   3.2471124276680506E-016
   1.9497913587346639E-007
   2.7421824332281840E-007
   3.2301929493510333E-007
   3.9644609648404710E-007
   7.3575145543908324E-007
   3.4005626009409861E-016
   1.9497256580903356E-007
   2.7421595286757663E-007
   3.2302157293855028E-007
   3.9644539595546444E-007
   7.3575142399226435E-007
   3.5579622553241231E-016
   1.9496644640127225E-007
   2.7421354538129105E-007
   3.2302386890990608E-007
   3.9644471363327457E-007
   7.3575143260415346E-007
   3.7193235153131656E-016
   1.9496077742627148E-007
   2.7421100666781350E-007
   3.2302618132205836E-007
   3.9644400042764669E-007
   7.3575139345953208E-007
   3.8846537848141946E-016
   1.9495557485371850E-007
   2.7420833881618774E-007
   3.2302850864288323E-007
   3.9644330219504695E-007
   7.3575139436600768E-007
   4.0539547277175091E-016
   1.9495084562402911E-007
   2.7420552750298351E-007
   3.2303084933644309E-007
   3.9644261743584455E-007
   7.3575139141408251E-007
   4.2272244961926368E-016
   1.9494660112673385E-007
   2.7420260736259595E-007
   3.2303322111911913E-007
   3.9644192101184819E-007
   7.3575134069421454E-007
   4.4044559449085940E-016
   1.9494285134131594E-007
   2.7419956391279284E-007
   3.2303558394119318E-007
   3.9644123530064556E-007
   7.3575133001416373E-007
   4.5856355792031431E-016
   1.9493960309110508E-007
   2.7419638258210165E-007
   3.2303797477245214E-007
   3.9644055904364966E-007
   7.3575131546444671E-007
   4.7707450074246174E-016
   1.9493688571855462E-007
   2.7419308139185295E-007
   3.2304037281858528E-007
   3.9643986734669489E-007
   7.3575129704135411E-007
   4.9597603455750381E-016
   1.9493469963153092E-007
   2.7418966191772900E-007
   3.2304277654227502E-007
   3.9643920655321088E-007
   7.3575127474120187E-007
   5.1526507211584356E-016
   1.9493307358262755E-007
   2.7418612562927493E-007
   3.2304518440939519E-007
   3.9643852821900521E-007
   7.3575129246617086E-007
   5.3493802198224883E-016
   1.9493202141375628E-007
   2.7418247388567889E-007
   3.2304763340205617E-007
   3.9643785513961255E-007
   7.3575126240096955E-007
   5.5499055160135842E-016
   1.9493157241923607E-007
   2.7417869158861553E-007
   3.2305006422851524E-007
   3.9643718647902887E-007
   7.3575122844782295E-007
   5.7541778672218659E-016
   1.9493173563902893E-007
   2.7417479621044132E-007
   3.2305251388301192E-007
   3.9643652148871159E-007
   7.3575123450904206E-007
   5.9621411540191243E-016
   1.9493254907874259E-007
   2.7417080510410684E-007
   3.2305498085581603E-007
   3.9643588322660685E-007
   7.3575119276934604E-007
   6.1737330281050562E-016
   1.9493403915089466E-007
   2.7416668647195302E-007
   3.2305744438922781E-007
   3.9643522368561780E-007
   7.3575119103700474E-007
   6.3888838237572414E-016
   1.9493622975364341E-007
   2.7416247376865438E-007
   3.2305992224819909E-007
   3.9643456610318979E-007
   7.3575114149675276E-007
   6.6075172940777167E-016
   1.9493916608548086E-007
   2.7415815129775625E-007
   3.2306239369514197E-007
   3.9643393380758364E-007
   7.3575113195698352E-007
   6.8295509347971195E-016
   1.9494285971814520E-007
   2.7415371958571190E-007
   3.2306487651782649E-007
   3.9643330278289902E-007
   7.3575111850839694E-007
   7.0548953826209154E-016
   1.9494737684088062E-007
   2.7414919538265692E-007
   3.2306736926010776E-007
   3.9643267282394263E-007
   7.3575110114763835E-007
   7.2834533043299377E-016
   1.9495273104976603E-007
   2.7414457897865523E-007
   3.2306987047952563E-007
   3.9643204381894889E-007
   7.3575107987139118E-007
   7.5151226433547082E-016
   1.9495896664348204E-007
   2.7413987054962162E-007
   3.2307235949059595E-007
   3.9643141575032789E-007
   7.3575105467638029E-007
   7.7497951334132894E-016
   1.9496614068458500E-007
   2.7413505381846951E-007
   3.2307487339615735E-007
   3.9643078869538595E-007
   7.3575102555937073E-007
   7.9873577326019361E-016
   1.9497429770111630E-007
   2.7413017777094725E-007
   3.2307737228489429E-007
   3.9643018654415085E-007
   7.3575099251716995E-007
   8.2276931483568844E-016
   1.9498346117764022E-007
   2.7412519323705229E-007
   3.2307987403591713E-007
   3.9642958584827124E-007
   7.3575099945264004E-007
   8.4706804043811662E-016
   1.9499370147782900E-007
   2.7412014900367356E-007
   3.2308237728885507E-007
   3.9642898697374446E-007
   7.3575095855066130E-007
   8.7161990616580849E-016
   1.9500504594287586E-007
   2.7411502839857907E-007
   3.2308488070233836E-007
   3.9642839038407099E-007
   7.3575095762020503E-007
   8.9641279685804215E-016
   1.9501753721890197E-007
   2.7410981466635952E-007
   3.2308736369618499E-007
   3.9642779664083501E-007
   7.3575090884619769E-007
   9.2143491933155631E-016
   1.9503122879456733E-007
   2.7410455634155376E-007
   3.2308986348655589E-007
   3.9642723012030829E-007
   7.3575090003774198E-007
   9.4667553777082980E-016
   1.9504614104810524E-007
   2.7409923652254392E-007
   3.2309235953544446E-007
   3.9642664414949635E-007
   7.3575088728587716E-007
   9.7212456965101530E-016
   1.9506230650402905E-007
   2.7409383824736299E-007
   3.2309485058548228E-007
   3.9642608701923220E-007
   7.3575087058772206E-007
   9.9777394342886786E-016
   1.9507972595065280E-007
   2.7408839352540197E-007
   3.2309733540222968E-007
   3.9642551225731869E-007
   7.3575084994044175E-007
   1.0236174988940224E-015
   1.9509842035436778E-007
   2.7408290163954970E-007
   3.2309981277492316E-007
   3.9642496835411220E-007
   7.3575082534124907E-007
   1.0496523120674510E-015
   1.9511834980440571E-007
   2.7407736183845942E-007
   3.2310226225764225E-007
   3.9642443275462725E-007
   7.3575079678740504E-007
   1.0758789715438158E-015
   1.9513947424495027E-007
   2.7407178968672963E-007
   3.2310472120812124E-007
   3.9642390672067171E-007
   7.3575076427621906E-007
   1.1023026474817252E-015
   1.9516173397292456E-007
   2.7406616805265092E-007
   3.2310716923149102E-007
   3.9642336790175698E-007
   7.3575072780505007E-007
   1.1289340934946690E-015
   1.9518501942647513E-007
   2.7406051248098349E-007
   3.2310960521868483E-007
   3.9642284147782037E-007
   7.3575073127743147E-007
   1.1557904571719568E-015
   1.9520918545055095E-007
   2.7405483852139226E-007
   3.2311204734768336E-007
   3.9642232901634983E-007
   7.3575068687858255E-007
   1.1828959983937454E-015
