   3.7819040267688097E-007
   8.1828730125610914E-018
   1.0030271202541216E-007
   1.4089378759271772E-007
   1.6600125928425795E-007
   2.0384402301897360E-007
   3.7819039620677703E-007
   8.7821122230685470E-018
   1.0030257373393513E-007
   1.4089360442974959E-007
   1.6600105629356346E-007
   2.0384378834739395E-007
   3.7819038839504966E-007
   9.4166370352444487E-018
   1.0030236240165078E-007
   1.4089342559939598E-007
   1.6600084337415451E-007
   2.0384355244687936E-007
   3.7819040180176518E-007
   1.0086213574705541E-017
   1.0030206940244168E-007
   1.4089323239754180E-007
   1.6600063965665850E-007
   2.0384330431109958E-007
   3.7819039129379297E-007
   1.0790304549588994E-017
   1.0030169704727918E-007
   1.4089303118869453E-007
   1.6600042469166035E-007
   2.0384306937421597E-007
   3.7819040199567278E-007
   1.1528124449117819E-017
   1.0030125807550511E-007
   1.4089282821545969E-007
   1.6600021762155399E-007
   2.0384283657472882E-007
   3.7819038877419077E-007
   1.2298698163261148E-017
   1.0030074916869931E-007
   1.4089262120670779E-007
   1.6600000790390319E-007
   2.0384259482453807E-007
   3.7819039675403644E-007
   1.3100920760519142E-017
   1.0030018773123479E-007
   1.4089239938581555E-007
   1.6599979489651015E-007
   2.0384235731813801E-007
   3.7819040336647395E-007
   1.3933604118879603E-017
   1.0029957670560346E-007
   1.4089217707839922E-007
   1.6599957795930129E-007
   2.0384211291184133E-007
   3.7819040860725843E-007
   1.4795526318115029E-017
   1.0029892727610670E-007
   1.4089194332542944E-007
   1.6599936634921099E-007
   2.0384187474305663E-007
   3.7819038990754981E-007
   1.5685461072620175E-017
   1.0029823384858793E-007
   1.4089170389212141E-007
   1.6599915942445395E-007
   2.0384163161168886E-007
   3.7819039239234415E-007
   1.6602205724492868E-017
   1.0029752136068680E-007
   1.4089145608057308E-007
   1.6599894664185903E-007
   2.0384139659732910E-007
   3.7819039349287023E-007
   1.7544596396417560E-017
   1.0029677819753779E-007
   1.4089120554107603E-007
   1.6599872734797926E-007
   2.0384114628926668E-007
   3.7819039320496410E-007
   1.8511514962912789E-017
   1.0029602090977951E-007
   1.4089094108414744E-007
   1.6599852067375349E-007
   2.0384090586258090E-007
   3.7819039152448197E-007
   1.9501898522023201E-017
   1.0029524530240441E-007
   1.4089067669179908E-007
   1.6599831604743790E-007
   2.0384066400223784E-007
   3.7819041101205649E-007
   2.0514733009134197E-017
   1.0029447018538488E-007
   1.4089040112838416E-007
   1.6599810288313447E-007
   2.0384042151756241E-007
   3.7819040653410029E-007
   2.1549054340058510E-017
   1.0029368624066632E-007
   1.4089011155055518E-007
   1.6599789037344068E-007
   2.0384017918839309E-007
   3.7819040065125774E-007
   2.2603938911007453E-017
   1.0029290177095463E-007
   1.4088982191705838E-007
   1.6599768769461181E-007
   2.0383993776495235E-007
   3.7819039335946434E-007
   2.3678500237287344E-017
   1.0029211412674135E-007
   1.4088952939580963E-007
   1.6599748421195825E-007
   2.0383969796771676E-007
   3.7819040721954201E-007
   2.4771877552878253E-017
   1.0029133577428161E-007
   1.4088922277074302E-007
   1.6599727917168999E-007
   2.0383944833530309E-007
   3.7819039709775579E-007
   2.5883238319389878E-017
   1.0029056429418554E-007
   1.4088891605017521E-007
   1.6599707180524227E-007
   2.0383920168066217E-007
   3.7819040811985847E-007
   2.7011753595638834E-017
   1.0028980007317883E-007
   1.4088860647057928E-007
   1.6599687122875907E-007
   2.0383895863422961E-007
   3.7819039515203916E-007
   2.8156610008081632E-017
   1.0028904969815356E-007
   1.4088828290228284E-007
   1.6599666675417763E-007
   2.0383871979617157E-007
   3.7819040332019498E-007
   2.9316997322993232E-017
   1.0028830841107150E-007
   1.4088795945798867E-007
   1.6599646748184520E-007
   2.0383847358497612E-007
   3.7819041005544273E-007
   3.0492088863189809E-017
   1.0028758210540737E-007
   1.4088762509429057E-007
   1.6599626271520706E-007
   2.0383822054036250E-007
   3.7819041535383763E-007
   3.1681061435367526E-017
   1.0028687499920440E-007
   1.4088729402196983E-007
   1.6599606155443665E-007
   2.0383797332232691E-007
   3.7819039664639083E-007
   3.2883071460777889E-017
   1.0028617928745534E-007
   1.4088695530663144E-007
   1.6599586320869497E-007
   2.0383773240865193E-007
   3.7819039905927901E-007
   3.4097263073716697E-017
   1.0028550881760478E-007
   1.4088660647755213E-007
   1.6599566689774691E-007
   2.0383748609555457E-007
   3.7819040002356879E-007
   3.5322757487050648E-017
   1.0028486108291080E-007
   1.4088626193456597E-007
   1.6599546195852496E-007
   2.0383723479934087E-007
   3.7819039953537320E-007
   3.6558640150370245E-017
   1.0028423497842418E-007
   1.4088591934916967E-007
   1.6599526743902505E-007
   2.0383697890518475E-007
   3.7819039759081817E-007
   3.7803996923510213E-017
   1.0028363123315439E-007
   1.4088556807030998E-007
   1.6599507271663667E-007
   2.0383673091734367E-007
   3.7819041675123659E-007
   3.9057859995271134E-017
   1.0028305373678684E-007
   1.4088521433309482E-007
   1.6599486719357169E-007
   2.0383647900792152E-007
   3.7819041188241837E-007
   4.0319239057580851E-017
   1.0028250576437177E-007
   1.4088486446166648E-007
   1.6599466999236672E-007
   2.0383623561827749E-007
   3.7819040554569427E-007
   4.1587116469692939E-017
   1.0028198122299850E-007
   1.4088450807140429E-007
   1.6599447057240362E-007
   2.0383597670792400E-007
   3.7819042030251296E-007
   4.2860441546288017E-017
   1.0028148707969690E-007
   1.4088416008071859E-007
   1.6599426832200356E-007
   2.0383572680524202E-007
   3.7819041101854037E-007
   4.4138114038181965E-017
   1.0028102492319264E-007
   1.4088381030782215E-007
   1.6599406266216646E-007
   2.0383547395684544E-007
   3.7819040025522145E-007
   4.5419015776572886E-017
   1.0028059802186136E-007
   1.4088345708121312E-007
   1.6599386294528096E-007
   2.0383523047756325E-007
   3.7819041057411706E-007
   4.6701974899439409E-017
   1.0028020794474036E-007
   1.4088310724484149E-007
   1.6599365876265584E-007
   2.0383497220122745E-007
   3.7819041940614622E-007
   4.7985793786794719E-017
   1.0027984694897763E-007
   1.4088275935992249E-007
   1.6599345953581353E-007
   2.0383472352898449E-007
   3.7819040418213311E-007
   4.9269232395525487E-017
   1.0027952813934947E-007
   1.4088241211106369E-007
   1.6599325492575165E-007
   2.0383446023150016E-007
   3.7819041002910017E-007
   5.0550994546402313E-017
   1.0027925178589431E-007
   1.4088207271237911E-007
   1.6599304452620521E-007
   2.0383420664619281E-007
   3.7819041437791735E-007
   5.1829776136388850E-017
   1.0027900966496570E-007
   1.4088173170677669E-007
   1.6599283786362528E-007
   2.0383395062991289E-007
   3.7819041722484299E-007
   5.3104196210047497E-017
   1.0027881541857853E-007
   1.4088139657638483E-007
   1.6599263460139667E-007
   2.0383369215736754E-007
   3.7819041856614455E-007
   5.4372851491421717E-017
   1.0027866534231425E-007
   1.4088106654114532E-007
   1.6599242453949598E-007
   2.0383344332092426E-007
   3.7819041839809856E-007
   5.5634279677714597E-017
   1.0027856707483901E-007
   1.4088074096357622E-007
   1.6599221730762025E-007
   2.0383317973291152E-007
   3.7819041671699036E-007
   5.6886987742201090E-017
   1.0027851658066160E-007
   1.4088042775321448E-007
   1.6599200277353365E-007
   2.0383292557162886E-007
   3.7819041351911387E-007
   5.8129418996891401E-017
   1.0027851900177223E-007
   1.4088010976200894E-007
   1.6599180053183651E-007
   2.0383265638603486E-007
   3.7819040880077137E-007
   5.9359989512962534E-017
   1.0027857556634021E-007
   1.4087980359819177E-007
   1.6599159061868932E-007
   2.0383239629099462E-007
   3.7819040255827386E-007
   6.0577047313862320E-017
   1.0027869026247139E-007
   1.4087950081557752E-007
   1.6599137289844024E-007
   2.0383214507096671E-007
   3.7819041735359968E-007
   6.1778910568980597E-017
   1.0027887226524247E-007
   1.4087920992305505E-007
   1.6599116706324781E-007
   2.0383187818002216E-007
   3.7819040805178105E-007
   6.2963831931514862E-017
   1.0027912200464992E-007
   1.4087892277810959E-007
   1.6599095324558554E-007
   2.0383161963830443E-007
   3.7819041978049693E-007
   6.4130024576455491E-017
   1.0027943675030831E-007
   1.4087864819360978E-007
   1.6599074130278570E-007
   2.0383135698626006E-007
   3.7819040740469500E-007
   6.5275631480668274E-017
   1.0027983579286631E-007
   1.4087837833044851E-007
   1.6599053122526017E-007
   2.0383108988231565E-007
   3.7819041605216887E-007
   6.6398783789006498E-017
   1.0028030304970558E-007
   1.4087811390165393E-007
   1.6599032303397137E-007
   2.0383083010310258E-007
   3.7819042315356604E-007
   6.7497532376657444E-017
   1.0028086350814094E-007
   1.4087786417082623E-007
   1.6599010688224057E-007
   2.0383056509497596E-007
   3.7819040613944202E-007
   6.8569891822750555E-017
   1.0028150507286555E-007
   1.4087762174532147E-007
   1.6598990264667544E-007
   2.0383029442257600E-007
   3.7819041013776115E-007
   6.9613861696061528E-017
   1.0028224679779524E-007
   1.4087739618040924E-007
   1.6598969064205466E-007
   2.0383002976917539E-007
   3.7819041257911805E-007
   7.0627369829322110E-017
   1.0028308288773528E-007
   1.4087717196860400E-007
   1.6598948090569965E-007
   2.0382975848773403E-007
   3.7819041345989865E-007
   7.1608351275034816E-017
   1.0028403177075768E-007
   1.4087696734736984E-007
   1.6598926370806813E-007
   2.0382949219980187E-007
   3.7819041277649616E-007
   7.2554709107974472E-017
   1.0028508557381367E-007
   1.4087676708332120E-007
   1.6598905904130410E-007
   2.0382923034651970E-007
   3.7819041052531075E-007
   7.3464364931545651E-017
   1.0028625357909802E-007
   1.4087658968020548E-007
   1.6598884733446826E-007
