  -1.9503057659848584E-004  -2.1681261310171984E-007  -1.6993993769045002E-006  -1.5004090650145914E-006  -1.0613334724543029E-007  -9.1779775275862188E-005
  -1.9501742493313105E-004  -2.1695278630436323E-007  -1.6994011832821081E-006  -1.5004009396303312E-006  -1.0613391846027010E-007  -9.1779771808065446E-005
  -1.9500452145350056E-004  -2.1708996235645168E-007  -1.6994023232220264E-006  -1.5003927753203377E-006  -1.0613449212348287E-007  -9.1779768736302781E-005
  -1.9499185947990827E-004  -2.1722415137805334E-007  -1.6994027923113830E-006  -1.5003845746036476E-006  -1.0613506815001000E-007  -9.1779766059790869E-005
  -1.9497943237103125E-004  -2.1735542659556058E-007  -1.6994025865643245E-006  -1.5003763400201086E-006  -1.0613564645676570E-007  -9.1779763777819829E-005
  -1.9496723363934679E-004  -2.1748391072008455E-007  -1.6994017024373216E-006  -1.5003680741291749E-006  -1.0613622696282569E-007  -9.1779761889759266E-005
  -1.9495525704252094E-004  -2.1760976490581848E-007  -1.6994001368444227E-006  -1.5003597795086848E-006  -1.0613680958959894E-007  -9.1779760395064246E-005
  -1.9494349665530897E-004  -2.1773317985976345E-007  -1.6993978871723810E-006  -1.5003514587536393E-006  -1.0613739426097808E-007  -9.1779759293280285E-005
  -1.9493194692576972E-004  -2.1785436872878458E-007  -1.6993949512956183E-006  -1.5003431144749731E-006  -1.0613798090346836E-007  -9.1779758584048540E-005
  -1.9492060271892713E-004  -2.1797356144160681E-007  -1.6993913275909482E-006  -1.5003347492983265E-006  -1.0613856944629003E-007  -9.1779758267110156E-005
  -1.9490945935044047E-004  -2.1809100023006475E-007  -1.6993870149520308E-006  -1.5003263658628114E-006  -1.0613915982145496E-007  -9.1779758342310324E-005
  -1.9489851261235709E-004  -2.1820693609474897E-007  -1.6993820128034658E-006  -1.5003179668197881E-006  -1.0613975196381284E-007  -9.1779758809601745E-005
  -1.9488775879259880E-004  -2.1832162601489540E-007  -1.6993763211145029E-006  -1.5003095548316271E-006  -1.0614034581106781E-007  -9.1779759669047858E-005
  -1.9487719468947633E-004  -2.1843533073103561E-007  -1.6993699404122799E-006  -1.5003011325704773E-006  -1.0614094130376363E-007  -9.1779760920825145E-005
  -1.9486681762221519E-004  -2.1854831295188721E-007  -1.6993628717945581E-006  -1.5002927027170234E-006  -1.0614153838523641E-007  -9.1779762565225487E-005
  -1.9485662543820229E-004  -2.1866083585457838E-007  -1.6993551169418793E-006  -1.5002842679592337E-006  -1.0614213700153781E-007  -9.1779764602657206E-005
  -1.9484661651742038E-004  -2.1877316175992410E-007  -1.6993466781290949E-006  -1.5002758309910932E-006  -1.0614273710132620E-007  -9.1779767033646413E-005
  -1.9483678977431007E-004  -2.1888555087241143E-007  -1.6993375582362145E-006  -1.5002673945113177E-006  -1.0614333863573093E-007  -9.1779769858837124E-005
  -1.9482714465708390E-004  -2.1899825997801635E-007  -1.6993277607585075E-006  -1.5002589612220460E-006  -1.0614394155818976E-007  -9.1779773078990990E-005
  -1.9481768114430325E-004  -2.1911154099207223E-007  -1.6993172898158169E-006  -1.5002505338274916E-006  -1.0614454582426434E-007  -9.1779776694986609E-005
  -1.9480839973830396E-004  -2.1922563924415547E-007  -1.6993061501610286E-006  -1.5002421150325589E-006  -1.0614515139143607E-007  -9.1779780707817611E-005
  -1.9479930145482102E-004  -2.1934079137724255E-007  -1.6992943471876340E-006  -1.5002337075414074E-006  -1.0614575821888860E-007  -9.1779785118591386E-005
  -1.9479038780789536E-004  -2.1945722272405495E-007  -1.6992818869363635E-006  -1.5002253140559605E-006  -1.0614636626727927E-007  -9.1779789928525657E-005
  -1.9478166078884613E-004  -2.1957514400428741E-007  -1.6992687761008086E-006  -1.5002169372743256E-006  -1.0614697549850854E-007  -9.1779795138945792E-005
  -1.9477312283774749E-004  -2.1969474716206646E-007  -1.6992550220320372E-006  -1.5002085798891501E-006  -1.0614758587548932E-007  -9.1779800751280702E-005
  -1.9476477680544321E-004  -2.1981620013327351E-007  -1.6992406327421059E-006  -1.5002002445858519E-006  -1.0614819736192478E-007  -9.1779806767058707E-005
  -1.9475662590366262E-004  -2.1993964029725439E-007  -1.6992256169064918E-006  -1.5001919340407520E-006  -1.0614880992209991E-007  -9.1779813187902530E-005
  -1.9474867364024999E-004  -2.2006516632715695E-007  -1.6992099838653696E-006  -1.5001836509190534E-006  -1.0614942352069175E-007  -9.1779820015523789E-005
  -1.9474092373587980E-004  -2.2019282810850786E-007  -1.6991937436237310E-006  -1.5001753978726670E-006  -1.0615003812260573E-007  -9.1779827251717503E-005
  -1.9473338001788824E-004  -2.2032261434835631E-007  -1.6991769068503214E-006  -1.5001671775378588E-006  -1.0615065369284225E-007  -9.1779834898355085E-005
  -1.9472604628601638E-004  -2.2045443745047205E-007  -1.6991594848753778E-006  -1.5001589925326774E-006  -1.0615127019639807E-007  -9.1779842957378003E-005
  -1.9471892614392102E-004  -2.2058811519087145E-007  -1.6991414896871610E-006  -1.5001508454541559E-006  -1.0615188759820795E-007  -9.1779851430789794E-005
  -1.9471202278930014E-004  -2.2072334870055631E-007  -1.6991229339273023E-006  -1.5001427388752415E-006  -1.0615250586312802E-007  -9.1779860320648655E-005
  -1.9470533875442925E-004  -2.2085969626123826E-007  -1.6991038308849373E-006  -1.5001346753414146E-006  -1.0615312495596412E-007  -9.1779869629058492E-005
  -1.9469887558789400E-004  -2.2099654246322250E-007  -1.6990841944896833E-006  -1.5001266573669788E-006  -1.0615374484154556E-007  -9.1779879358160172E-005
  -1.9469263346744172E-004  -2.2113306238836232E-007  -1.6990640393034621E-006  -1.5001186874309553E-006  -1.0615436548484415E-007  -9.1779889510121407E-005
  -1.9468661073335087E-004  -2.2126818070041100E-007  -1.6990433805112265E-006  -1.5001107679725673E-006  -1.0615498685113627E-007  -9.1779900087126539E-005
  -1.9468080333179033E-004  -2.2140052589660334E-007  -1.6990222339106183E-006  -1.5001029013862350E-006  -1.0615560890620579E-007  -9.1779911091365048E-005
  -1.9467520415869096E-004  -2.2152838055603025E-007  -1.6990006159006393E-006  -1.5000950900160500E-006  -1.0615623161658190E-007  -9.1779922525018958E-005
  -1.9466980229718820E-004  -2.2164962928020960E-007  -1.6989785434693659E-006  -1.5000873361496657E-006  -1.0615685494980609E-007  -9.1779934390249666E-005
  -1.9466458214636537E-004  -2.2176170723064709E-007  -1.6989560341808340E-006  -1.5000796420115477E-006  -1.0615747887472152E-007  -9.1779946689183185E-005
  -1.9465952244663396E-004  -2.2186155378810240E-007  -1.6989331061611298E-006  -1.5000720097555172E-006  -1.0615810336177471E-007  -9.1779959423894216E-005
  -1.9465459521850810E-004  -2.2194557791410638E-007  -1.6989097780837905E-006  -1.5000644414565153E-006  -1.0615872838332058E-007  -9.1779972596388751E-005
  -1.9464976464762956E-004  -2.2200964423608496E-007  -1.6988860691546099E-006  -1.5000569391015317E-006  -1.0615935391391905E-007  -9.1779986208585706E-005
  -1.9464498597028968E-004  -2.2204909151782395E-007  -1.6988619990959153E-006  -1.5000495045796050E-006  -1.0615997993061340E-007  -9.1780000262297364E-005
  -1.9464020444037966E-004  -2.2205879762423442E-007  -1.6988375881303843E-006  -1.5000421396708237E-006  -1.0616060641317554E-007  -9.1780014759208835E-005
  -1.9463535448957885E-004  -2.2203330666995294E-007  -1.6988128569644745E-006  -1.5000348460342360E-006  -1.0616123334430925E-007  -9.1780029700858342E-005
  -1.9463035922479498E-004  -2.2196703375877678E-007  -1.6987878267714624E-006  -1.5000276251945990E-006  -1.0616186070979707E-007  -9.1780045088617456E-005
  -1.9462513043517969E-004  -2.2185455929994835E-007  -1.6987625191741055E-006  -1.5000204785278646E-006  -1.0616248849858038E-007  -9.1780060923674856E-005
  -1.9461956929748542E-004  -2.2169101697842571E-007  -1.6987369562268688E-006  -1.5000134072453355E-006  -1.0616311670276225E-007  -9.1780077207022817E-005
  -1.9461356796275929E-004  -2.2147256607173075E-007  -1.6987111603976180E-006  -1.5000064123764411E-006  -1.0616374531752446E-007  -9.1780093939450584E-005
  -1.9460701216811682E-004  -2.2119691999926636E-007  -1.6986851545486511E-006  -1.4999994947500927E-006  -1.0616437434095232E-007  -9.1780111121544277E-005
  -1.9459978493553034E-004  -2.2086388065593202E-007  -1.6986589619168736E-006  -1.4999926549746675E-006  -1.0616500377376586E-007  -9.1780128753697312E-005
  -1.9459177129274962E-004  -2.2047580654670726E-007  -1.6986326060929132E-006  -1.4999858934167296E-006  -1.0616563361895952E-007  -9.1780146836130107E-005
  -1.9458286378873065E-004  -2.2003792862379504E-007  -1.6986061109989450E-006  -1.4999792101787297E-006  -1.0616626388135924E-007  -9.1780165368920698E-005
  -1.9457296840104683E-004  -2.1955842857835971E-007  -1.6985795008649942E-006  -1.4999726050760846E-006  -1.0616689456711394E-007  -9.1780184352043673E-005
  -1.9456201028294207E-004  -2.1904821591753883E-007  -1.6985528002034851E-006  -1.4999660776142083E-006  -1.0616752568314388E-007  -9.1780203785415970E-005
  -1.9454993871613547E-004  -2.1852038311855829E-007  -1.6985260337818102E-006  -1.4999596269663218E-006  -1.0616815723657801E-007  -9.1780223668944103E-005
  -1.9453673065806420E-004  -2.1798937568842943E-007  -1.6984992265926726E-006  -1.4999532519530338E-006  -1.0616878923421604E-007  -9.1780244002568427E-005
  -1.9452239241266530E-004  -2.1746997223693640E-007  -1.6984724038218929E-006  -1.4999469510249496E-006  -1.0616942168205199E-007  -9.1780264786299487E-005
  -1.9450695919395739E-004  -2.1697621185942863E-007  -1.6984455908132729E-006  -1.4999407222496858E-006  -1.0617005458489792E-007  -9.1780286020242232E-005
  -1.9449049264316285E-004  -2.1652041878376913E-007  -1.6984188130299634E-006  -1.4999345633048283E-006  -1.0617068794613406E-007  -9.1780307704604817E-005
  -1.9447307663794392E-004  -2.1611245305162687E-007  -1.6983920960116074E-006  -1.4999284714783657E-006  -1.0617132176760553E-007  -9.1780329839693107E-005
  -1.9445481193598559E-004  -2.1575926775781736E-007  -1.6983654653263422E-006  -1.4999224436781462E-006  -1.0617195604966517E-007  -9.1780352425890221E-005
  -1.9443581028763087E-004  -2.1546479298109102E-007  -1.6983389465166532E-006  -1.4999164764517549E-006  -1.0617259079135033E-007  -9.1780375463626328E-005
  -1.9441618862900802E-004  -2.1523011085397775E-007  -1.6983125650380069E-006  -1.4999105660180272E-006  -1.0617322599066062E-007  -9.1780398953341573E-005
  -1.9439606385250144E-004  -2.1505384784982820E-007  -1.6982863461893361E-006  -1.4999047083111232E-006  -1.0617386164489337E-007  -9.1780422895446884E-005
  -1.9437554848619117E-004  -2.1493269435576168E-007  -1.6982603150347472E-006  -1.4998988990377101E-006  -1.0617449775098572E-007  -9.1780447290286914E-005
  -1.9435474744011221E-004  -2.1486196572630761E-007  -1.6982344963163997E-006  -1.4998931337473531E-006  -1.0617513430581176E-007  -9.1780472138107465E-005
  -1.9433375582712564E-004  -2.1483613657917365E-007  -1.6982089143592913E-006  -1.4998874079155903E-006  -1.0617577130639420E-007  -9.1780497439029210E-005
  -1.9431265775745029E-004  -2.1484930332949175E-007  -1.6981835929698482E-006  -1.4998817170385710E-006  -1.0617640875000066E-007  -9.1780523193029745E-005
  -1.9429152594228769E-004  -2.1489555252268604E-007  -1.6981585553314597E-006  -1.4998760567373386E-006  -1.0617704663411662E-007  -9.1780549399931357E-005
  -1.9427042191774209E-004  -2.1496923060295499E-007  -1.6981338239016957E-006  -1.4998704228690563E-006  -1.0617768495630184E-007  -9.1780576059397373E-005
  -1.9424939670491568E-004  -2.1506512295976866E-007  -1.6981094203172055E-006  -1.4998648116416717E-006  -1.0617832371395450E-007  -9.1780603170931921E-005
  -1.9422849174450450E-004  -2.1517855676032737E-007  -1.6980853653133122E-006  -1.4998592197277017E-006  -1.0617896290401445E-007  -9.1780630733885563E-005
  -1.9420773997493314E-004  -2.1530544441733568E-007  -1.6980616786653501E-006  -1.4998536443722278E-006  -1.0617960252264208E-007  -9.1780658747463701E-005
  -1.9418716695521828E-004  -2.1544228400298495E-007  -1.6980383791575351E-006  -1.4998480834897571E-006  -1.0618024256490433E-007  -9.1780687210736645E-005
  -1.9416679196314977E-004  -2.1558613078324377E-007  -1.6980154845822701E-006  -1.4998425357445820E-006  -1.0618088302449543E-007  -9.1780716122651283E-005
  -1.9414662902395629E-004  -2.1573455126745950E-007  -1.6979930117685175E-006  -1.4998370006096526E-006  -1.0618152389350927E-007  -9.1780745482043330E-005
  -1.9412668784380376E-004  -2.1588556836388464E-007  -1.6979709766329355E-006  -1.4998314783999574E-006  -1.0618216516227307E-007  -9.1780775287649298E-005
  -1.9410697463656700E-004  -2.1603760373987172E-007  -1.6979493942432388E-006  -1.4998259702778603E-006  -1.0618280681924361E-007  -9.1780805538118284E-005
  -1.9408749284206681E-004  -2.1618942144637620E-007  -1.6979282788811107E-006  -1.4998204782296266E-006  -1.0618344885096223E-007  -9.1780836232023045E-005
  -1.9406824374026694E-004  -2.1634007529782647E-007  -1.6979076440930676E-006  -1.4998150050144713E-006  -1.0618409124206044E-007  -9.1780867367870431E-005
  -1.9404922696963480E-004  -2.1648886135298502E-007  -1.6978875027216200E-006  -1.4998095540892810E-006  -1.0618473397530753E-007  -9.1780898944110792E-005
  -1.9403044095972792E-004  -2.1663527604633411E-007  -1.6978678669149436E-006  -1.4998041295138117E-006  -1.0618537703168896E-007  -9.1780930959146882E-005
  -1.9401188328866341E-004  -2.1677897999523562E-007  -1.6978487481188373E-006  -1.4997987358420797E-006  -1.0618602039050736E-007  -9.1780963411341554E-005
  -1.9399355097591902E-004  -2.1691976718583891E-007  -1.6978301570585841E-006  -1.4997933780061197E-006  -1.0618666402949732E-007  -9.1780996299025246E-005
  -1.9397544072022251E-004  -2.1705753906257014E-007  -1.6978121037194330E-006  -1.4997880611979991E-006  -1.0618730792494776E-007  -9.1781029620502266E-005
  -1.9395754909134425E-004  -2.1719228296648081E-007  -1.6977945973331148E-006  -1.4997827907553432E-006  -1.0618795205182596E-007  -9.1781063374056228E-005
  -1.9393987268356925E-004  -2.1732405435228503E-007  -1.6977776463750392E-006  -1.4997775720545982E-006  -1.0618859638389991E-007  -9.1781097557956187E-005
  -1.9392240823758110E-004  -2.1745296223736852E-007  -1.6977612585736854E-006  -1.4997724104151411E-006  -1.0618924089385613E-007  -9.1781132170460890E-005
  -1.9390515273650885E-004  -2.1757915738076583E-007  -1.6977454409311954E-006  -1.4997673110162337E-006  -1.0618988555341020E-007  -9.1781167209823212E-005
  -1.9388810348098731E-004  -2.1770282274423583E-007  -1.6977301997525001E-006  -1.4997622788277949E-006  -1.0619053033341094E-007  -9.1781202674294279E-005
  -1.9387125814728323E-004  -2.1782416584365479E-007  -1.6977155406797129E-006  -1.4997573185551229E-006  -1.0619117520393496E-007  -9.1781238562127038E-005
  -1.9385461483184264E-004  -2.1794341265255434E-007  -1.6977014687286128E-006  -1.4997524345970446E-006  -1.0619182013437422E-007  -9.1781274871579932E-005
  -1.9383817208501011E-004  -2.1806080276839831E-007  -1.6976879883245880E-006  -1.4997476310164842E-006  -1.0619246509351419E-007  -9.1781311600919337E-005
  -1.9382192893615502E-004  -2.1817658559502583E-007  -1.6976751033361891E-006  -1.4997429115221394E-006  -1.0619311004960502E-007  -9.1781348748423512E-005
  -1.9380588491199664E-004  -2.1829101733126121E-007  -1.6976628171051206E-006  -1.4997382794598007E-006  -1.0619375497042495E-007  -9.1781386312384786E-005
  -1.9379004004954273E-004  -2.1840435858614540E-007  -1.6976511324722088E-006  -1.4997337378117745E-006  -1.0619439982333700E-007  -9.1781424291112302E-005
  -1.9377439490472846E-004  -2.1851687246585193E-007  -1.6976400517992744E-006  -1.4997292892029085E-006  -1.0619504457533890E-007  -9.1781462682934400E-005
  -1.9375895055756133E-004  -2.1862882299654841E-007  -1.6976295769872542E-006  -1.4997249359118415E-006  -1.0619568919310763E-007  -9.1781501486201477E-005
  -1.9374370861432032E-004  -2.1874047376157914E-007  -1.6976197094910369E-006  -1.4997206798861646E-006  -1.0619633364303855E-007  -9.1781540699287841E-005
  -1.9372867120713029E-004  -2.1885208664075266E-007  -1.6976104503316194E-006  -1.4997165227604052E-006  -1.0619697789127968E-007  -9.1781580320594172E-005
  -1.9371384099101346E-004  -2.1896392054440621E-007  -1.6976018001061695E-006  -1.4997124658758658E-006  -1.0619762190376128E-007  -9.1781620348549637E-005
  -1.9369922113830404E-004  -2.1907623003546351E-007  -1.6975937589965864E-006  -1.4997085103014941E-006  -1.0619826564622234E-007  -9.1781660781614031E-005
  -1.9368481533009566E-004  -2.1918926372891454E-007  -1.6975863267770358E-006  -1.4997046568551655E-006  -1.0619890908423281E-007  -9.1781701618279935E-005
  -1.9367062774415769E-004  -2.1930326234997145E-007  -1.6975795028209276E-006  -1.4997009061248363E-006  -1.0619955218321302E-007  -9.1781742857074608E-005
  -1.9365666303850171E-004  -2.1941845631942332E-007  -1.6975732861076568E-006  -1.4996972584891779E-006  -1.0620019490845037E-007  -9.1781784496562215E-005
  -1.9364292632949331E-004  -2.1953506271720892E-007  -1.6975676752294026E-006  -1.4996937141373994E-006  -1.0620083722511350E-007  -9.1781826535345572E-005
  -1.9362942316307393E-004  -2.1965328145266579E-007  -1.6975626683981893E-006  -1.4996902730880531E-006  -1.0620147909826391E-007  -9.1781868972068287E-005
  -1.9361615947727679E-004  -2.1977329044208091E-007  -1.6975582634533347E-006  -1.4996869352066927E-006  -1.0620212049286637E-007  -9.1781911805416660E-005
  -1.9360314155377145E-004  -2.1989523956089494E-007  -1.6975544578693933E-006  -1.4996837002222923E-006  -1.0620276137379712E-007  -9.1781955034121265E-005
  -1.9359037595565202E-004  -2.2001924309936325E-007  -1.6975512487646463E-006  -1.4996805677424169E-006  -1.0620340170585103E-007  -9.1781998656959165E-005
  -1.9357786944807284E-004  -2.2014537040718886E-007  -1.6975486329101262E-006  -1.4996775372671336E-006  -1.0620404145374732E-007  -9.1782042672755381E-005
  -1.9356562889763070E-004  -2.2027363436599063E-007  -1.6975466067391789E-006  -1.4996746082016972E-006  -1.0620468058213495E-007  -9.1782087080384715E-005
  -1.9355366114558845E-004  -2.2040397728098239E-007  -1.6975451663575337E-006  -1.4996717798680604E-006  -1.0620531905559679E-007  -9.1782131878773116E-005
  -1.9354197284913023E-004  -2.2053625373929068E-007  -1.6975443075538034E-006  -1.4996690515152731E-006  -1.0620595683865365E-007  -9.1782177066899293E-005
  -1.9353057028384811E-004  -2.2067020994896272E-007  -1.6975440258103858E-006  -1.4996664223288317E-006  -1.0620659389576875E-007  -9.1782222643795500E-005
  -1.9351945909961966E-004  -2.2080545906073599E-007  -1.6975443163146620E-006  -1.4996638914390580E-006  -1.0620723019135168E-007  -9.1782268608548649E-005
  -1.9350864402099751E-004  -2.2094145200011106E-007  -1.6975451739704566E-006  -1.4996614579285911E-006  -1.0620786568976373E-007  -9.1782314960300540E-005
  -1.9349812848230358E-004  -2.2107744342317928E-007  -1.6975465934096446E-006  -1.4996591208390471E-006  -1.0620850035532375E-007  -9.1782361698248050E-005
  -1.9348791418695419E-004  -2.2121245258786176E-007  -1.6975485690038715E-006  -1.4996568791769420E-006  -1.0620913415231556E-007  -9.1782408821642456E-005
  -1.9347800058037366E-004  -2.2134521924519100E-007  -1.6975510948762796E-006  -1.4996547319189363E-006  -1.0620976704499756E-007  -9.1782456329787891E-005
  -1.9346838422652202E-004  -2.2147415515715812E-007  -1.6975541649131896E-006  -1.4996526780164783E-006  -1.0621039899761433E-007  -9.1782504222039199E-005
  -1.9345905808002101E-004  -2.2159729260343746E-007  -1.6975577727756732E-006  -1.4996507163999115E-006  -1.0621102997441129E-007  -9.1782552497798308E-005
  -1.9345001064972273E-004  -2.2171223232032111E-007  -1.6975619119109531E-006  -1.4996488459821034E-006  -1.0621165993965329E-007  -9.1782601156509456E-005
  -1.9344122505607085E-004  -2.2181609478823253E-007  -1.6975665755635870E-006  -1.4996470656616775E-006  -1.0621228885764625E-007  -9.1782650197652944E-005
  -1.9343267799462014E-004  -2.2190548069059747E-007  -1.6975717567863738E-006  -1.4996453743258954E-006  -1.0621291669276436E-007  -9.1782699620736991E-005
  -1.9342433863249567E-004  -2.2197644868760696E-007  -1.6975774484509989E-006  -1.4996437708532633E-006  -1.0621354340948098E-007  -9.1782749425287747E-005
  -1.9341616748411573E-004  -2.2202452125192911E-007  -1.6975836432583329E-006  -1.4996422541159285E-006  -1.0621416897240523E-007  -9.1782799610837487E-005
  -1.9340811533744199E-004  -2.2204473188690523E-007  -1.6975903337484500E-006  -1.4996408229819247E-006  -1.0621479334632270E-007  -9.1782850176910937E-005
  -1.9340012233169223E-004  -2.2203172902131686E-007  -1.6975975123103329E-006  -1.4996394763173503E-006  -1.0621541649623920E-007  -9.1782901123009893E-005
  -1.9339211731967339E-004  -2.2197995236361231E-007  -1.6976051711913230E-006  -1.4996382129885253E-006  -1.0621603838742871E-007  -9.1782952448597106E-005
  -1.9338401767830452E-004  -2.2188389530957733E-007  -1.6976133025063557E-006  -1.4996370318642160E-006  -1.0621665898547866E-007  -9.1783004153079734E-005
  -1.9337572975247901E-004  -2.2173846077049378E-007  -1.6976218982470468E-006  -1.4996359318179638E-006  -1.0621727825633383E-007  -9.1783056235794638E-005
  -1.9336715012051932E-004  -2.2153940634699411E-007  -1.6976309502907249E-006  -1.4996349117305730E-006  -1.0621789616633125E-007  -9.1783108695995779E-005
  -1.9335816784289209E-004  -2.2128385772507243E-007  -1.6976404504094638E-006  -1.4996339704927654E-006  -1.0621851268222214E-007  -9.1783161532846898E-005
  -1.9334866778929362E-004  -2.2097084769257257E-007  -1.6976503902792012E-006  -1.4996331070080129E-006  -1.0621912777117471E-007  -9.1783214745421043E-005
  -1.9333853502740556E-004  -2.2060181572706356E-007  -1.6976607614889779E-006  -1.4996323201954778E-006  -1.0621974140075169E-007  -9.1783268332708726E-005
  -1.9332766010419632E-004  -2.2018098560862364E-007  -1.6976715555502971E-006  -1.4996316089929870E-006  -1.0622035353885642E-007  -9.1783322293636019E-005
  -1.9331594487621696E-004  -2.1971553343555716E-007  -1.6976827639065327E-006  -1.4996309723599195E-006  -1.0622096415364399E-007  -9.1783376627093687E-005
  -1.9330330838206766E-004  -2.1921547250918778E-007  -1.6976943779422607E-006  -1.4996304092798363E-006  -1.0622157321339655E-007  -9.1783431331974707E-005
  -1.9328969214053255E-004  -2.1869321756169468E-007  -1.6977063889923278E-006  -1.4996299187627059E-006  -1.0622218068636364E-007  -9.1783486407219758E-005
  -1.9327506424188581E-004  -2.1816284459735091E-007  -1.6977187883503881E-006  -1.4996294998465471E-006  -1.0622278654057452E-007  -9.1783541851864618E-005
  -1.9325942170037442E-004  -2.1763912249610373E-007  -1.6977315672766777E-006  -1.4996291515984144E-006  -1.0622339074363124E-007  -9.1783597665086514E-005
  -1.9324279074613596E-004  -2.1713644203052792E-007  -1.6977447170047520E-006  -1.4996288731146193E-006  -1.0622399326249474E-007  -9.1783653846243409E-005
  -1.9322522501577158E-004  -2.1666779171929993E-007  -1.6977582287470220E-006  -1.4996286635202492E-006  -1.0622459406327788E-007  -9.1783710394901662E-005
  -1.9320680189093209E-004  -2.1624392008994501E-007  -1.6977720936989533E-006  -1.4996285219680329E-006  -1.0622519311105800E-007  -9.1783767310850544E-005
  -1.9318761746907548E-004  -2.1587278353546747E-007  -1.6977863030419436E-006  -1.4996284476367172E-006  -1.0622579036972109E-007  -9.1783824594101035E-005
  -1.9316778078328406E-004  -2.1555932076069909E-007  -1.6978008479449348E-006  -1.4996284397291187E-006  -1.0622638580184614E-007  -9.1783882244870989E-005
  -1.9314740790283096E-004  -2.1530553578554216E-007  -1.6978157195649179E-006  -1.4996284974700378E-006  -1.0622697936863485E-007  -9.1783940263558784E-005
  -1.9312661645867193E-004  -2.1511082622113611E-007  -1.6978309090465327E-006  -1.4996286201041936E-006  -1.0622757102988975E-007  -9.1783998650710085E-005
  -1.9310552098506713E-004  -2.1497246982983255E-007  -1.6978464075209464E-006  -1.4996288068943263E-006  -1.0622816074403996E-007  -9.1784057406979399E-005
  -1.9308422929329805E-004  -2.1488618024812300E-007  -1.6978622061042532E-006  -1.4996290571195499E-006  -1.0622874846821278E-007  -9.1784116533093519E-005
  -1.9306283993244700E-004  -2.1484665663056631E-007  -1.6978782958955152E-006  -1.4996293700740045E-006  -1.0622933415834747E-007  -9.1784176029816104E-005
  -1.9304144066823099E-004  -2.1484807410682387E-007  -1.6978946679746146E-006  -1.4996297450658357E-006  -1.0622991776934627E-007  -9.1784235897918523E-005
  -1.9302010783208773E-004  -2.1488448530775607E-007  -1.6979113133999877E-006  -1.4996301814164589E-006  -1.0623049925525734E-007  -9.1784296138155882E-005
  -1.9299890635605287E-004  -2.1495012309390887E-007  -1.6979282232063191E-006  -1.4996306784601069E-006  -1.0623107856948315E-007  -9.1784356751249324E-005
  -1.9297789030506642E-004  -2.1503960885845106E-007  -1.6979453884022132E-006  -1.4996312355435994E-006  -1.0623165566500550E-007  -9.1784417737874458E-005
  -1.9295710373592488E-004  -2.1514807922016238E-007  -1.6979627999678479E-006  -1.4996318520262838E-006  -1.0623223049461915E-007  -9.1784479098655267E-005
  -1.9293658174091387E-004  -2.1527124757191026E-007  -1.6979804488526305E-006  -1.4996325272801195E-006  -1.0623280301116336E-007  -9.1784540834160972E-005
  -1.9291635156643843E-004  -2.1540541723090525E-007  -1.6979983259728159E-006  -1.4996332606898384E-006  -1.0623337316773943E-007  -9.1784602944907897E-005
  -1.9289643372764507E-004  -2.1554746121471099E-007  -1.6980164222091013E-006  -1.4996340516531706E-006  -1.0623394091790520E-007  -9.1784665431362072E-005
  -1.9287684306639922E-004  -2.1569478101605985E-007  -1.6980347284041542E-006  -1.4996348995810890E-006  -1.0623450621583390E-007  -9.1784728293944508E-005
  -1.9285758972101079E-004  -2.1584525389834692E-007  -1.6980532353600978E-006  -1.4996358038980554E-006  -1.0623506901643197E-007  -9.1784791533036964E-005
  -1.9283867999186858E-004  -2.1599717560663536E-007  -1.6980719338359153E-006  -1.4996367640422462E-006  -1.0623562927540809E-007  -9.1784855148987701E-005
  -1.9282011709828318E-004  -2.1614920318520276E-007  -1.6980908145447868E-006  -1.4996377794657450E-006  -1.0623618694929214E-007  -9.1784919142117805E-005
  -1.9280190182921638E-004  -2.1630030086488179E-007  -1.6981098681513660E-006  -1.4996388496346905E-006  -1.0623674199540578E-007  -9.1784983512726841E-005
  -1.9278403309508208E-004  -2.1644969070184832E-007  -1.6981290852689758E-006  -1.4996399740293664E-006  -1.0623729437178880E-007  -9.1785048261098097E-005
  -1.9276650839021616E-004  -2.1659680874593124E-007  -1.6981484564567620E-006  -1.4996411521442277E-006  -1.0623784403708938E-007  -9.1785113387503545E-005
  -1.9274932417658147E-004  -2.1674126691213776E-007  -1.6981679722167900E-006  -1.4996423834878667E-006  -1.0623839095042618E-007  -9.1785178892207461E-005
  -1.9273247619929602E-004  -2.1688282034942645E-007  -1.6981876229911189E-006  -1.4996436675828829E-006  -1.0623893507123436E-007  -9.1785244775469916E-005
  -1.9271595974401493E-004  -2.1702133988247575E-007  -1.6982073991588476E-006  -1.4996450039656890E-006  -1.0623947635910294E-007  -9.1785311037549818E-005
  -1.9269976984531950E-004  -2.1715678899499720E-007  -1.6982272910331780E-006  -1.4996463921862216E-006  -1.0624001477361515E-007  -9.1785377678706807E-005
  -1.9268390145424599E-004  -2.1728920478895447E-007  -1.6982472888584684E-006  -1.4996478318075426E-006  -1.0624055027419641E-007  -9.1785444699202798E-005
  -1.9266834957204013E-004  -2.1741868236529689E-007  -1.6982673828073598E-006  -1.4996493224053451E-006  -1.0624108281997742E-007  -9.1785512099303273E-005
  -1.9265310935621182E-004  -2.1754536210915128E-007  -1.6982875629779293E-006  -1.4996508635673488E-006  -1.0624161236967546E-007  -9.1785579879277859E-005
  -1.9263817620403714E-004  -2.1766941941277795E-007  -1.6983078193909396E-006  -1.4996524548925446E-006  -1.0624213888149420E-007  -9.1785648039400424E-005
  -1.9262354581782031E-004  -2.1779105642451445E-007  -1.6983281419871799E-006  -1.4996540959903306E-006  -1.0624266231304535E-007  -9.1785716579949258E-005
  -1.9260921425549545E-004  -2.1791049546611849E-007  -1.6983485206249408E-006  -1.4996557864794888E-006  -1.0624318262128775E-007  -9.1785785501206414E-005
  -1.9259517796951515E-004  -2.1802797381134121E-007  -1.6983689450776130E-006  -1.4996575259869994E-006  -1.0624369976248446E-007  -9.1785854803457201E-005
  -1.9258143383642505E-004  -2.1814373956360212E-007  -1.6983894050314740E-006  -1.4996593141467144E-006  -1.0624421369217494E-007  -9.1785924486989284E-005
  -1.9256797917905938E-004  -2.1825804840963610E-007  -1.6984098900836504E-006  -1.4996611505978519E-006  -1.0624472436515987E-007  -9.1785994552091767E-005
  -1.9255481178289161E-004  -2.1837116105882132E-007  -1.6984303897402934E-006  -1.4996630349833487E-006  -1.0624523173549598E-007  -9.1786064999053644E-005
  -1.9254192990773397E-004  -2.1848334120478367E-007  -1.6984508934149957E-006  -1.4996649669480704E-006  -1.0624573575649856E-007  -9.1786135828162769E-005
  -1.9252933229567954E-004  -2.1859485386713325E-007  -1.6984713904274561E-006  -1.4996669461369279E-006  -1.0624623638075017E-007  -9.1786207039704315E-005
  -1.9251701817592017E-004  -2.1870596398722190E-007  -1.6984918700024359E-006  -1.4996689721929350E-006  -1.0624673356011316E-007  -9.1786278633959443E-005
  -1.9250498726683548E-004  -2.1881693516294431E-007  -1.6985123212690069E-006  -1.4996710447553137E-006  -1.0624722724574398E-007  -9.1786350611203514E-005
  -1.9249323977552619E-004  -2.1892802841412548E-007  -1.6985327332601361E-006  -1.4996731634577357E-006  -1.0624771738810973E-007  -9.1786422971704568E-005
  -1.9248177639475216E-004  -2.1903950087213257E-007  -1.6985530949126170E-006  -1.4996753279268599E-006  -1.0624820393700409E-007  -9.1786495715721989E-005
  -1.9247059829701719E-004  -2.1915160428508222E-007  -1.6985733950673669E-006  -1.4996775377813518E-006  -1.0624868684156332E-007  -9.1786568843504519E-005
  -1.9245970712531874E-004  -2.1926458322338103E-007  -1.6985936224701328E-006  -1.4996797926316060E-006  -1.0624916605028093E-007  -9.1786642355288974E-005
  -1.9244910497983285E-004  -2.1937867285919700E-007  -1.6986137657725991E-006  -1.4996820920804133E-006  -1.0624964151102110E-007  -9.1786716251298470E-005
  -1.9243879439953098E-004  -2.1949409617762045E-007  -1.6986338135339495E-006  -1.4996844357248448E-006  -1.0625011317103083E-007  -9.1786790531741066E-005
  -1.9242877833741144E-004  -2.1961106045647752E-007  -1.6986537542228841E-006  -1.4996868231595765E-006  -1.0625058097694972E-007  -9.1786865196808449E-005
  -1.9241906012766515E-004  -2.1972975282575728E-007  -1.6986735762201176E-006  -1.4996892539818244E-006  -1.0625104487481866E-007  -9.1786940246674266E-005
  -1.9240964344267354E-004  -2.1985033468621955E-007  -1.6986932678213799E-006  -1.4996917277979730E-006  -1.0625150481008643E-007  -9.1787015681492828E-005
  -1.9240053223723797E-004  -2.1997293472999629E-007  -1.6987128172409393E-006  -1.4996942442317593E-006  -1.0625196072761450E-007  -9.1787091501397991E-005
  -1.9239173067686562E-004  -2.2009764026426505E-007  -1.6987322126156592E-006  -1.4996968029337285E-006  -1.0625241257168076E-007  -9.1787167706502135E-005
  -1.9238324304626149E-004  -2.2022448649341055E-007  -1.6987514420096019E-006  -1.4996994035913964E-006  -1.0625286028598133E-007  -9.1787244296894733E-005
  -1.9237507363340943E-004  -2.2035344336755775E-007  -1.6987704934191896E-006  -1.4997020459393673E-006  -1.0625330381363066E-007  -9.1787321272641432E-005
  -1.9236722658375147E-004  -2.2048439955960621E-007  -1.6987893547789229E-006  -1.4997047297684706E-006  -1.0625374309716191E-007  -9.1787398633783312E-005
  -1.9235970571801193E-004  -2.2061714309491723E-007  -1.6988080139676416E-006  -1.4997074549329684E-006  -1.0625417807852447E-007  -9.1787476380335577E-005
  -1.9235251430618628E-004  -2.2075133813695114E-007  -1.6988264588153221E-006  -1.4997102213549379E-006  -1.0625460869908202E-007  -9.1787554512286776E-005
  -1.9234565478916491E-004  -2.2088649744247909E-007  -1.6988446771103467E-006  -1.4997130290252182E-006  -1.0625503489960959E-007  -9.1787633029597891E-005
  -1.9233912843848235E-004  -2.2102195006189954E-007  -1.6988626566072121E-006  -1.4997158780006287E-006  -1.0625545662029019E-007  -9.1787711932200713E-005
  -1.9233293494390680E-004  -2.2115680400225020E-007  -1.6988803850345338E-006  -1.4997187683976275E-006  -1.0625587380071211E-007  -9.1787791219996850E-005
  -1.9232707191821211E-004  -2.2128990383140292E-007  -1.6988978501032294E-006  -1.4997217003829421E-006  -1.0625628637986597E-007  -9.1787870892855790E-005
  -1.9232153430881403E-004  -2.2141978363177182E-007  -1.6989150395146396E-006  -1.4997246741620551E-006  -1.0625669429614316E-007  -9.1787950950612533E-005
  -1.9231631370741022E-004  -2.2154461637220888E-007  -1.6989319409682734E-006  -1.4997276899665518E-006  -1.0625709748733631E-007  -9.1788031393064915E-005
  -1.9231139755189862E-004  -2.2166216172759388E-007  -1.6989485421687402E-006  -1.4997307480413726E-006  -1.0625749589064062E-007  -9.1788112219969424E-005
  -1.9230676822035864E-004  -2.2176971570703553E-007  -1.6989648308312877E-006  -1.4997338486328511E-006  -1.0625788944266009E-007  -9.1788193431036714E-005
  -1.9230240202559862E-004  -2.2186406720677526E-007  -1.6989807946851291E-006  -1.4997369919782128E-006  -1.0625827807941646E-007  -9.1788275025925139E-005
  -1.9229826813159018E-004  -2.2194146878941694E-007  -1.6989964214735882E-006  -1.4997401782969103E-006  -1.0625866173636378E-007  -9.1788357004232921E-005
  -1.9229432743084383E-004  -2.2199763152094182E-007  -1.6990116989498513E-006  -1.4997434077839258E-006  -1.0625904034840956E-007  -9.1788439365488771E-005
  -1.9229053144489438E-004  -2.2202775632891792E-007  -1.6990266148670116E-006  -1.4997466806049824E-006  -1.0625941384994284E-007  -9.1788522109140382E-005
  -1.9228682133827491E-004  -2.2202661660577747E-007  -1.6990411569612758E-006  -1.4997499968934032E-006  -1.0625978217487128E-007  -9.1788605234541205E-005
  -1.9228312716807903E-004  -2.2198870789702934E-007  -1.6990553129278156E-006  -1.4997533567483587E-006  -1.0626014525666808E-007  -9.1788688740935306E-005
  -1.9227936752288973E-004  -2.2190847939121873E-007  -1.6990690703903816E-006  -1.4997567602341623E-006  -1.0626050302842821E-007  -9.1788772627441608E-005
  -1.9227544973040412E-004  -2.2178065723640326E-007  -1.6990824168687427E-006  -1.4997602073803601E-006  -1.0626085542293590E-007  -9.1788856893037195E-005
  -1.9227127082371479E-004  -2.2160066015281712E-007  -1.6990953397527443E-006  -1.4997636981823711E-006  -1.0626120237273934E-007  -9.1788941536541911E-005
  -1.9226671944102015E-004  -2.2136509265088559E-007  -1.6991078262978625E-006  -1.4997672326025576E-006  -1.0626154381023361E-007  -9.1789026556605749E-005
  -1.9226167878156177E-004  -2.2107228094697989E-007  -1.6991198636628000E-006  -1.4997708105716498E-006  -1.0626187966774560E-007  -9.1789111951700309E-005
  -1.9225603064429360E-004  -2.2072279401688095E-007  -1.6991314390107814E-006  -1.4997744319904984E-006  -1.0626220987761696E-007  -9.1789197720118027E-005
  -1.9224966043588021E-004  -2.2031987225394012E-007  -1.6991425396871180E-006  -1.4997780967322172E-006  -1.0626253437227820E-007  -9.1789283859979669E-005
  -1.9224246286464800E-004  -2.1986967603397297E-007  -1.6991531534624908E-006  -1.4997818046447186E-006  -1.0626285308430678E-007  -9.1789370369252193E-005
  -1.9223434786553589E-004  -2.1938127345945355E-007  -1.6991632687985777E-006  -1.4997855555537065E-006  -1.0626316594646184E-007  -9.1789457245778727E-005
  -1.9222524616818981E-004  -2.1886631515809989E-007  -1.6991728750660340E-006  -1.4997893492660757E-006  -1.0626347289168933E-007  -9.1789544487318132E-005
  -1.9221511386864582E-004  -2.1833839268550601E-007  -1.6991819626455581E-006  -1.4997931855736664E-006  -1.0626377385309351E-007  -9.1789632091593298E-005
  -1.9220393542491315E-004  -2.1781213656744376E-007  -1.6991905228793067E-006  -1.4997970642572144E-006  -1.0626406876387325E-007  -9.1789720056343108E-005
  -1.9219172467245258E-004  -2.1730216493393787E-007  -1.6991985478958177E-006  -1.4998009850903141E-006  -1.0626435755722656E-007  -9.1789808379375888E-005
  -1.9217852371853625E-004  -2.1682202756719290E-007  -1.6992060303746495E-006  -1.4998049478431784E-006  -1.0626464016622847E-007  -9.1789897058616122E-005
  -1.9216439986907127E-004  -2.1638329199301702E-007  -1.6992129633250695E-006  -1.4998089522859523E-006  -1.0626491652369086E-007  -9.1789986092143309E-005
  -1.9214944100168839E-004  -2.1599488723955983E-007  -1.6992193399295726E-006  -1.4998129981914377E-006  -1.0626518656201546E-007  -9.1790075478217752E-005
  -1.9213374996992469E-004  -2.1566276696193036E-007  -1.6992251534683068E-006  -1.4998170853370648E-006  -1.0626545021304763E-007  -9.1790165215292362E-005
  -1.9211743867805596E-004  -2.1538989304724046E-007  -1.6992303973135562E-006  -1.4998212135061009E-006  -1.0626570740794171E-007  -9.1790255302012035E-005
  -1.9210062241013817E-004  -2.1517648963623558E-007  -1.6992350649713531E-006  -1.4998253824880748E-006  -1.0626595807704360E-007  -9.1790345737201333E-005
  -1.9208341486131434E-004  -2.1502048610810734E-007  -1.6992391501471888E-006  -1.4998295920785471E-006  -1.0626620214979346E-007  -9.1790436519843804E-005
  -1.9206592414712793E-004  -2.1491805851849191E-007  -1.6992426468186566E-006  -1.4998338420782938E-006  -1.0626643955465120E-007  -9.1790527649057531E-005
  -1.9204824989739057E-004  -2.1486418824102598E-007  -1.6992455493046275E-006  -1.4998381322920759E-006  -1.0626667021904276E-007  -9.1790619124068148E-005
  -1.9203048140292373E-004  -2.1485317675513567E-007  -1.6992478523260769E-006  -1.4998424625271121E-006  -1.0626689406932593E-007  -9.1790710944184342E-005
  -1.9201269668915678E-004  -2.1487907912382518E-007  -1.6992495510571466E-006  -1.4998468325913911E-006  -1.0626711103077128E-007  -9.1790803108775785E-005
  -1.9199496234037023E-004  -2.1493604012687561E-007  -1.6992506411669533E-006  -1.4998512422919195E-006  -1.0626732102755627E-007  -9.1790895617256343E-005
  -1.9197733388454265E-004  -2.1501853326766818E-007  -1.6992511188534241E-006  -1.4998556914329826E-006  -1.0626752398276906E-007  -9.1790988469071772E-005
  -1.9195985656026690E-004  -2.1512151321079550E-007  -1.6992509808706504E-006  -1.4998601798144911E-006  -1.0626771981841908E-007  -9.1791081663692914E-005
  -1.9194256631319741E-004  -2.1524049733294077E-007  -1.6992502245511142E-006  -1.4998647072304264E-006  -1.0626790845545314E-007  -9.1791175200612660E-005
  -1.9192549090130042E-004  -2.1537159332986431E-007  -1.6992488478238819E-006  -1.4998692734674257E-006  -1.0626808981377624E-007  -9.1791269079347077E-005
  -1.9190865101981780E-004  -2.1551148864105280E-007  -1.6992468492296651E-006  -1.4998738783035007E-006  -1.0626826381227579E-007  -9.1791363299439376E-005
  -1.9189206138488306E-004  -2.1565741501769987E-007  -1.6992442279333481E-006  -1.4998785215069028E-006  -1.0626843036885120E-007  -9.1791457860465541E-005
  -1.9187573173761773E-004  -2.1580709871385788E-007  -1.6992409837344653E-006  -1.4998832028351049E-006  -1.0626858940044774E-007  -9.1791552762042169E-005
  -1.9185966774804732E-004  -2.1595870404461568E-007  -1.6992371170759342E-006  -1.4998879220339214E-006  -1.0626874082309797E-007  -9.1791648003833754E-005
  -1.9184387181080478E-004  -2.1611077569527561E-007  -1.6992326290512293E-006  -1.4998926788367213E-006  -1.0626888455197069E-007  -9.1791743585561332E-005
  -1.9182834373314870E-004  -2.1626218327610183E-007  -1.6992275214101702E-006  -1.4998974729637443E-006  -1.0626902050142980E-007  -9.1791839507009932E-005
  -1.9181308132121513E-004  -2.1641207019049433E-007  -1.6992217965633578E-006  -1.4999023041215095E-006  -1.0626914858510389E-007  -9.1791935768035816E-005
  -1.9179808087346967E-004  -2.1655980786135489E-007  -1.6992154575853233E-006  -1.4999071720022844E-006  -1.0626926871596937E-007  -9.1792032368572711E-005
  -1.9178333759172210E-004  -2.1670495566344843E-007  -1.6992085082164005E-006  -1.4999120762836247E-006  -1.0626938080644493E-007  -9.1792129308637126E-005
  -1.9176884592036691E-004  -2.1684722646162277E-007  -1.6992009528633115E-006  -1.4999170166279664E-006  -1.0626948476849970E-007  -9.1792226588332737E-005
  -1.9175459982411286E-004  -2.1698645738828472E-007  -1.6991927965984697E-006  -1.4999219926822757E-006  -1.0626958051377340E-007  -9.1792324207852979E-005
  -1.9174059301367793E-004  -2.1712258535376202E-007  -1.6991840451579808E-006  -1.4999270040777330E-006  -1.0626966795370533E-007  -9.1792422167483363E-005
  -1.9172681912793578E-004  -2.1725562672805565E-007  -1.6991747049383174E-006  -1.4999320504294476E-006  -1.0626974699967109E-007  -9.1792520467601896E-005
  -1.9171327187995167E-004  -2.1738566063109735E-007  -1.6991647829916680E-006  -1.4999371313362252E-006  -1.0626981756312124E-007  -9.1792619108678919E-005
  -1.9169994517331777E-004  -2.1751281529904746E-007  -1.6991542870199367E-006  -1.4999422463803485E-006  -1.0626987955571854E-007  -9.1792718091275656E-005
  -1.9168683319423850E-004  -2.1763725704144332E-007  -1.6991432253673838E-006  -1.4999473951273911E-006  -1.0626993288946759E-007  -9.1792817416041868E-005
  -1.9167393048394725E-004  -2.1775918135824661E-007  -1.6991316070119200E-006  -1.4999525771260568E-006  -1.0626997747683190E-007  -9.1792917083712713E-005
  -1.9166123199527131E-004  -2.1787880584082880E-007  -1.6991194415550330E-006  -1.4999577919080472E-006  -1.0627001323083288E-007  -9.1793017095104636E-005
  -1.9164873313649305E-004  -2.1799636453297032E-007  -1.6991067392103638E-006  -1.4999630389879424E-006  -1.0627004006512725E-007  -9.1793117451110734E-005
  -1.9163642980508087E-004  -2.1811210347500061E-007  -1.6990935107909540E-006  -1.4999683178631145E-006  -1.0627005789405874E-007  -9.1793218152695351E-005
  -1.9162431841337167E-004  -2.1822627719535371E-007  -1.6990797676951542E-006  -1.4999736280136574E-006  -1.0627006663268270E-007  -9.1793319200888290E-005
  -1.9161239590786557E-004  -2.1833914594878143E-007  -1.6990655218912558E-006  -1.4999789689023404E-006  -1.0627006619676434E-007  -9.1793420596778333E-005
  -1.9160065978343321E-004  -2.1845097352937879E-007  -1.6990507859008319E-006  -1.4999843399745901E-006  -1.0627005650275090E-007  -9.1793522341506942E-005
  -1.9158910809342409E-004  -2.1856202550973999E-007  -1.6990355727808590E-006  -1.4999897406584729E-006  -1.0627003746772123E-007  -9.1793624436260762E-005
  -1.9157773945639264E-004  -2.1867256777535906E-007  -1.6990198961046375E-006  -1.4999951703647357E-006  -1.0627000900931763E-007  -9.1793726882265174E-005
  -1.9156655305991056E-004  -2.1878286523617840E-007  -1.6990037699415616E-006  -1.5000006284868362E-006  -1.0626997104566422E-007  -9.1793829680776630E-005
  -1.9155554866171281E-004  -2.1889318060528092E-007  -1.6989872088357991E-006  -1.5000061144010127E-006  -1.0626992349527702E-007  -9.1793932833075372E-005
  -1.9154472658820514E-004  -2.1900377313833026E-007  -1.6989702277839185E-006  -1.5000116274663833E-006  -1.0626986627697158E-007  -9.1794036340458484E-005
  -1.9153408773014844E-004  -2.1911489722661367E-007  -1.6989528422115412E-006  -1.5000171670250509E-006  -1.0626979930977315E-007  -9.1794140204232551E-005
  -1.9152363353511351E-004  -2.1922680073143206E-007  -1.6989350679490767E-006  -1.5000227324022446E-006  -1.0626972251283216E-007  -9.1794244425706762E-005
  -1.9151336599606102E-004  -2.1933972293803298E-007  -1.6989169212066083E-006  -1.5000283229064875E-006  -1.0626963580534975E-007  -9.1794349006186360E-005
  -1.9150328763513764E-004  -2.1945389199310608E-007  -1.6988984185480033E-006  -1.5000339378297757E-006  -1.0626953910651514E-007  -9.1794453946965842E-005
  -1.9149340148148276E-004  -2.1956952167082718E-007  -1.6988795768643338E-006  -1.5000395764477819E-006  -1.0626943233545602E-007  -9.1794559249323075E-005
  -1.9148371104149174E-004  -2.1968680728826169E-007  -1.6988604133466660E-006  -1.5000452380200840E-006  -1.0626931541120162E-007  -9.1794664914513594E-005
  -1.9147422025958367E-004  -2.1980592056143128E-007  -1.6988409454583345E-006  -1.5000509217903927E-006  -1.0626918825266095E-007  -9.1794770943764959E-005
  -1.9146493346705129E-004  -2.1992700315841289E-007  -1.6988211909067523E-006  -1.5000566269867966E-006  -1.0626905077861117E-007  -9.1794877338272231E-005
  -1.9145585531602080E-004  -2.2005015866572714E-007  -1.6988011676148663E-006  -1.5000623528220015E-006  -1.0626890290769975E-007  -9.1794984099192797E-005
  -1.9144699069491392E-004  -2.2017544263976291E-007  -1.6987808936923446E-006  -1.5000680984935538E-006  -1.0626874455845406E-007  -9.1795091227643330E-005
  -1.9143834462106524E-004  -2.2030285036772927E-007  -1.6987603874065698E-006  -1.5000738631840255E-006  -1.0626857564930161E-007  -9.1795198724695280E-005
  -1.9142992210531375E-004  -2.2043230191566912E-007  -1.6987396671535617E-006  -1.5000796460611519E-006  -1.0626839609859478E-007  -9.1795306591372256E-005
  -1.9142172798245315E-004  -2.2056362399950425E-007  -1.6987187514288893E-006  -1.5000854462778727E-006  -1.0626820582464234E-007  -9.1795414828647288E-005
  -1.9141376670041589E-004  -2.2069652818698519E-007  -1.6986976587986821E-006  -1.5000912629722406E-006  -1.0626800474574309E-007  -9.1795523437440633E-005
  -1.9140604206001753E-004  -2.2083058493607559E-007  -1.6986764078708337E-006  -1.5000970952671444E-006  -1.0626779278022364E-007  -9.1795632418617703E-005
  -1.9139855689607462E-004  -2.2096519301673296E-007  -1.6986550172664843E-006  -1.5001029422697661E-006  -1.0626756984647578E-007  -9.1795741772987731E-005
  -1.9139131268984167E-004  -2.2109954397378486E-007  -1.6986335055918789E-006  -1.5001088030706850E-006  -1.0626733586299532E-007  -9.1795851501302192E-005
  -1.9138430910217800E-004  -2.2123258150365224E-007  -1.6986118914106964E-006  -1.5001146767425041E-006  -1.0626709074841973E-007  -9.1795961604253484E-005
  -1.9137754341691228E-004  -2.2136295598306476E-007  -1.6985901932169283E-006  -1.5001205623378709E-006  -1.0626683442156559E-007  -9.1796072082474009E-005
  -1.9137100988489205E-004  -2.2148897496138437E-007  -1.6985684294084216E-006  -1.5001264588866951E-006  -1.0626656680146437E-007  -9.1796182936534194E-005
  -1.9136469896170134E-004  -2.2160855127732136E-007  -1.6985466182611551E-006  -1.5001323653924154E-006  -1.0626628780739664E-007  -9.1796294166940684E-005
  -1.9135859643664078E-004  -2.2171915165708300E-007  -1.6985247779043511E-006  -1.5001382808270804E-006  -1.0626599735892589E-007  -9.1796405774133586E-005
  -1.9135268245809044E-004  -2.2181775025584609E-007  -1.6985029262965114E-006  -1.5001442041251206E-006  -1.0626569537593060E-007  -9.1796517758482721E-005
  -1.9134693047169634E-004  -2.2190079364467245E-007  -1.6984810812024650E-006  -1.5001501341757077E-006  -1.0626538177863726E-007  -9.1796630120283208E-005
  -1.9134130610380104E-004  -2.2196418617251584E-007  -1.6984592601715065E-006  -1.5001560698138066E-006  -1.0626505648765374E-007  -9.1796742859748162E-005
  -1.9133576604380038E-004  -2.2200330726713670E-007  -1.6984374805167186E-006  -1.5001620098103395E-006  -1.0626471942400563E-007  -9.1796855977000706E-005
  -1.9133025700567924E-004  -2.2201307469388039E-007  -1.6984157592955414E-006  -1.5001679528623228E-006  -1.0626437050917714E-007  -9.1796969472063094E-005
  -1.9132471487978507E-004  -2.2198806940296563E-007  -1.6983941132916525E-006  -1.5001738975845446E-006  -1.0626400966515840E-007  -9.1797083344844225E-005
  -1.9131906421813221E-004  -2.2192273737751072E-007  -1.6983725589982007E-006  -1.5001798425050758E-006  -1.0626363681450240E-007  -9.1797197595124130E-005
  -1.9131321822502163E-004  -2.2181168057798681E-007  -1.6983511126024223E-006  -1.5001857860676910E-006  -1.0626325188039387E-007  -9.1797312222537404E-005
  -1.9130707944161807E-004  -2.2165004131426857E-007  -1.6983297899716203E-006  -1.5001917266445827E-006  -1.0626285478673309E-007  -9.1797427226555499E-005
  -1.9130054130802517E-004  -2.2143397116117147E-007  -1.6983086066404732E-006  -1.5001976625621853E-006  -1.0626244545823649E-007  -9.1797542606468738E-005
  -1.9129349074808284E-004  -2.2116115688506998E-007  -1.6982875777995593E-006  -1.5002035921410015E-006  -1.0626202382055537E-007  -9.1797658361370482E-005
  -1.9128581184137494E-004  -2.2083135360535368E-007  -1.6982667182850076E-006  -1.5002095137468592E-006  -1.0626158980041287E-007  -9.1797774490145074E-005
  -1.9127739052112093E-004  -2.2044685383269078E-007  -1.6982460425690603E-006  -1.5002154258466027E-006  -1.0626114332575650E-007  -9.1797890991462348E-005
  -1.9126812007447315E-004  -2.2001280667221354E-007  -1.6982255647513905E-006  -1.5002213270575584E-006  -1.0626068432592144E-007  -9.1798007863779619E-005
  -1.9125790704666666E-004  -2.1953730189277508E-007  -1.6982052985509711E-006  -1.5002272161789928E-006  -1.0626021273179856E-007  -9.1798125105354777E-005
  -1.9124667699946035E-004  -2.1903115457944918E-007  -1.6981852572983221E-006  -1.5002330921968630E-006  -1.0625972847599696E-007  -9.1798242714269938E-005
  -1.9123437949056905E-004  -2.1850736851600088E-007  -1.6981654539280386E-006  -1.5002389542596968E-006  -1.0625923149299176E-007  -9.1798360688465658E-005
  -1.9122099166055481E-004  -2.1798031367606530E-007  -1.6981459009715546E-006  -1.5002448016311967E-006  -1.0625872171924629E-007  -9.1798479025783955E-005
  -1.9120651995133695E-004  -2.1746471155535464E-007  -1.6981266105502430E-006  -1.5002506336307346E-006  -1.0625819909330046E-007  -9.1798597724016418E-005
  -1.9119099971880887E-004  -2.1697456474240209E-007  -1.6981075943689522E-006  -1.5002564495744007E-006  -1.0625766355582014E-007  -9.1798716780953213E-005
  -1.9117449279318680E-004  -2.1652218052284480E-007  -1.6980888637102556E-006  -1.5002622487266926E-006  -1.0625711504960445E-007  -9.1798836194428659E-005
  -1.9115708331980601E-004  -2.1611741788120904E-007  -1.6980704294296220E-006  -1.5002680302681945E-006  -1.0625655351955400E-007  -9.1798955962358214E-005
  -1.9113887241922769E-004  -2.1576723953564915E-007  -1.6980523019517791E-006  -1.5002737932798842E-006  -1.0625597891260565E-007  -9.1799076082765095E-005
  -1.9111997230091105E-004  -2.1547559039606383E-007  -1.6980344912684518E-006  -1.5002795367413602E-006  -1.0625539117764073E-007  -9.1799196553793349E-005
  -1.9110050044403513E-004  -2.1524356794139833E-007  -1.6980170069376013E-006  -1.5002852595388517E-006  -1.0625479026537639E-007  -9.1799317373709093E-005
  -1.9108057434613957E-004  -2.1506981121882941E-007  -1.6979998580842215E-006  -1.5002909604788323E-006  -1.0625417612824922E-007  -9.1799438540890471E-005
  -1.9106030717561679E-004  -2.1495101869678216E-007  -1.6979830534026603E-006  -1.5002966383038167E-006  -1.0625354872029692E-007  -9.1799560053808850E-005
  -1.9103980448996837E-004  -2.1488250896891773E-007  -1.6979666011603592E-006  -1.5003022917080226E-006  -1.0625290799704555E-007  -9.1799681911005181E-005
  -1.9101916203073636E-004  -2.1485875567462854E-007  -1.6979505092029040E-006  -1.5003079193514974E-006  -1.0625225391540433E-007  -9.1799804111063237E-005
  -1.9099846449611987E-004  -2.1487385119302897E-007  -1.6979347849601979E-006  -1.5003135198720910E-006  -1.0625158643357030E-007  -9.1799926652583449E-005
  -1.9097778512759830E-004  -2.1492187629446820E-007  -1.6979194354536168E-006  -1.5003190918951484E-006  -1.0625090551094311E-007  -9.1800049534159051E-005
  -1.9095718592180297E-004  -2.1499717112355311E-007  -1.6979044673039744E-006  -1.5003246340410485E-006  -1.0625021110804842E-007  -9.1800172754354803E-005
  -1.9093671828302364E-004  -2.1509451521089270E-007  -1.6978898867401510E-006  -1.5003301449309008E-006  -1.0624950318646804E-007  -9.1800296311691175E-005
  -1.9091642395389474E-004  -2.1520923097249318E-007  -1.6978756996082594E-006  -1.5003356231907423E-006  -1.0624878170877593E-007  -9.1800420204632058E-005
  -1.9089633609244565E-004  -2.1533722756217505E-007  -1.6978619113812447E-006  -1.5003410674545228E-006  -1.0624804663847678E-007  -9.1800544431577046E-005
  -1.9087648039590175E-004  -2.1547500143925958E-007  -1.6978485271687961E-006  -1.5003464763662008E-006  -1.0624729793994609E-007  -9.1800668990857498E-005
  -1.9085687620114247E-004  -2.1561960788924062E-007  -1.6978355517275185E-006  -1.5003518485811560E-006  -1.0624653557837041E-007  -9.1800793880736007E-005
  -1.9083753751644478E-004  -2.1576861495304077E-007  -1.6978229894712744E-006  -1.5003571827671278E-006  -1.0624575951968616E-007  -9.1800919099408270E-005
  -1.9081847395846236E-004  -2.1592004840459776E-007  -1.6978108444816221E-006  -1.5003624776048050E-006  -1.0624496973051737E-007  -9.1801044645007035E-005
  -1.9079969158260364E-004  -2.1607233391007840E-007  -1.6977991205183198E-006  -1.5003677317881904E-006  -1.0624416617811158E-007  -9.1801170515607775E-005
  -1.9078119360482011E-004  -2.1622424044903500E-007  -1.6977878210298109E-006  -1.5003729440248136E-006  -1.0624334883027460E-007  -9.1801296709234965E-005
  -1.9076298101919275E-004  -2.1637482749844886E-007  -1.6977769491636516E-006  -1.5003781130358562E-006  -1.0624251765530531E-007  -9.1801423223869535E-005
  -1.9074505311946407E-004  -2.1652339732859454E-007  -1.6977665077768089E-006  -1.5003832375562162E-006  -1.0624167262193220E-007  -9.1801550057456327E-005
  -1.9072740793455714E-004  -2.1666945296095043E-007  -1.6977564994457982E-006  -1.5003883163345545E-006  -1.0624081369925276E-007  -9.1801677207911490E-005
  -1.9071004258874145E-004  -2.1681266181424574E-007  -1.6977469264765600E-006  -1.5003933481333337E-006  -1.0623994085667889E-007  -9.1801804673130344E-005
  -1.9069295359690921E-004  -2.1695282474372748E-007  -1.6977377909140522E-006  -1.5003983317288596E-006  -1.0623905406389187E-007  -9.1801932450994372E-005
  -1.9067613710474078E-004  -2.1708985000156021E-007  -1.6977290945514491E-006  -1.5004032659113384E-006  -1.0623815329080880E-007  -9.1802060539378564E-005
  -1.9065958908260090E-004  -2.1722373156669449E-007  -1.6977208389389022E-006  -1.5004081494849425E-006  -1.0623723850756589E-007  -9.1802188936157870E-005
  -1.9064330548096656E-004  -2.1735453127604070E-007  -1.6977130253917502E-006  -1.5004129812678981E-006  -1.0623630968452226E-007  -9.1802317639213786E-005
  -1.9062728235414418E-004  -2.1748236421064363E-007  -1.6977056549981106E-006  -1.5004177600925810E-006  -1.0623536679228925E-007  -9.1802446646440156E-005
  -1.9061151595804970E-004  -2.1760738683365101E-007  -1.6976987286257512E-006  -1.5004224848056292E-006  -1.0623440980179028E-007  -9.1802575955748968E-005
  -1.9059600282692011E-004  -2.1772978742978288E-007  -1.6976922469281136E-006  -1.5004271542680668E-006  -1.0623343868435659E-007  -9.1802705565075467E-005
  -1.9058073983302710E-004  -2.1784977845142398E-007  -1.6976862103494367E-006  -1.5004317673554334E-006  -1.0623245341186405E-007  -9.1802835472383102E-005
  -1.9056572423276018E-004  -2.1796759042991862E-007  -1.6976806191288273E-006  -1.5004363229579213E-006  -1.0623145395691726E-007  -9.1802965675668376E-005
  -1.9055095370184243E-004  -2.1808346715964917E-007  -1.6976754733032212E-006  -1.5004408199805131E-006  -1.0623044029308494E-007  -9.1803096172965128E-005
  -1.9053642636192137E-004  -2.1819766190575750E-007  -1.6976707727091672E-006  -1.5004452573431259E-006  -1.0622941239519274E-007  -9.1803226962348440E-005
  -1.9052214080033487E-004  -2.1831043442349992E-007  -1.6976665169834092E-006  -1.5004496339807549E-006  -1.0622837023967686E-007  -9.1803358041938710E-005
  -1.9050809608447150E-004  -2.1842204860819296E-007  -1.6976627055623352E-006  -1.5004539488436021E-006  -1.0622731380500172E-007  -9.1803489409905453E-005
  -1.9049429177181657E-004  -2.1853277061979714E-007  -1.6976593376804544E-006  -1.5004582008972195E-006  -1.0622624307214513E-007  -9.1803621064470362E-005
  -1.9048072791649157E-004  -2.1864286734575017E-007  -1.6976564123682111E-006  -1.5004623891226325E-006  -1.0622515802514934E-007  -9.1803753003911166E-005
  -1.9046740507283944E-004  -2.1875260508006637E-007  -1.6976539284496699E-006  -1.5004665125164649E-006  -1.0622405865173961E-007  -9.1803885226564023E-005
  -1.9045432429637833E-004  -2.1886224830631646E-007  -1.6976518845408435E-006  -1.5004705700910557E-006  -1.0622294494400537E-007  -9.1804017730827349E-005
  -1.9044148714222629E-004  -2.1897205847711763E-007  -1.6976502790497179E-006  -1.5004745608745631E-006  -1.0622181689913842E-007  -9.1804150515164098E-005
  -1.9042889566088742E-004  -2.1908229268337623E-007  -1.6976491101793676E-006  -1.5004784839110746E-006  -1.0622067452022182E-007  -9.1804283578104741E-005
  -1.9041655239107031E-004  -2.1919320210278513E-007  -1.6976483759357585E-006  -1.5004823382606940E-006  -1.0621951781705571E-007  -9.1804416918249819E-005
  -1.9040446034897796E-004  -2.1930503010896649E-007  -1.6976480741420095E-006  -1.5004861229996343E-006  -1.0621834680700867E-007  -9.1804550534272769E-005
  -1.9039262301325519E-004  -2.1941800991005709E-007  -1.6976482024607124E-006  -1.5004898372202997E-006  -1.0621716151587579E-007  -9.1804684424922028E-005
  -1.9038104430449255E-004  -2.1953236156829518E-007  -1.6976487584254226E-006  -1.5004934800313662E-006  -1.0621596197872483E-007  -9.1804818589023718E-005
