   2.8148928707978062E-013   1.7494410466953374E-007   1.6938333468392382E-006   1.5539296678921315E-006   9.4126944897175010E-008   9.6213880802748753E-005
   1.1260234699055072E-012   1.7139683189536465E-007   1.6956746634595575E-006   1.5544302588371449E-006   9.4016226291337352E-008   9.6201914106220523E-005
   2.5336897050924216E-012   1.6812035708112569E-007   1.6975206530672077E-006   1.5549138822667782E-006   9.3906538692290258E-008   9.6189939752907541E-005
   4.5045399228780798E-012   1.6510957535815459E-007   1.6993698704194702E-006   1.5553803649881659E-006   9.3797885210828139E-008   9.6177957774696830E-005
   7.0385694067651585E-012   1.6235936270308398E-007   1.7012208583988282E-006   1.5558295397589757E-006   9.3690268891231186E-008   9.6165968203469409E-005
   1.0135697751732151E-011   1.5986470379914524E-007   1.7030721490999371E-006   1.5562612453765273E-006   9.3583692712240552E-008   9.6153971071099887E-005
   1.3795752057849713E-011   1.5762079323387230E-007   1.7049222649546750E-006   1.5566753267640059E-006   9.3478159588028952E-008   9.6141966409456095E-005
   1.8018452206989209E-011   1.5562311502541198E-007   1.7067697198948620E-006   1.5570716350536805E-006   9.3373672369167572E-008   9.6129954250398738E-005
   2.2803398072683483E-011   1.5386750465133259E-007   1.7086130205521063E-006   1.5574500276670503E-006   9.3270233843591001E-008   9.6117934625780999E-005
   2.8150058523202952E-011   1.5235019703762556E-007   1.7104506674941133E-006   1.5578103683918284E-006   9.3167846737561802E-008   9.6105907567448334E-005
   3.4057762092782410E-011   1.5106786334654086E-007   1.7122811564966647E-006   1.5581525274556997E-006   9.3066513716635496E-008   9.6093873107238001E-005
   4.0525689213776280E-011   1.5001763887102568E-007   1.7141029798503473E-006   1.5584763815967641E-006   9.2966237386627500E-008   9.6081831276978951E-005
   4.7552865922073092E-011   1.4919714388994583E-007   1.7159146277009661E-006   1.5587818141306071E-006   9.2867020294582773E-008   9.6069782108491446E-005
   5.5138158968576281E-011   1.4860449895044681E-007   1.7177145894224642E-006   1.5590687150139216E-006   9.2768864929748571E-008   9.6057725633586874E-005
   6.3280272290511507E-011   1.4823833571034293E-007   1.7195013550210093E-006   1.5593369809046282E-006   9.2671773724551250E-008   9.6045661884067580E-005
   7.1977744817549810E-011   1.4809780418339217E-007   1.7212734165687909E-006   1.5595865152184227E-006   9.2575749055576436E-008   9.6033590891726642E-005
   8.1228949609210321E-011   1.4818257697343342E-007   1.7230292696659312E-006   1.5598172281817079E-006   9.2480793244553152E-008   9.6021512688347825E-005
   9.1032094341815549E-011   1.4849285084995401E-007   1.7247674149287656E-006   1.5600290368808535E-006   9.2386908559340671E-008   9.6009427305705300E-005
   1.0138522318557647E-010   1.4902934579853741E-007   1.7264863595026330E-006   1.5602218653077361E-006   9.2294097214917696E-008   9.5997334775563752E-005
   1.1228622013539028E-010   1.4979330146597297E-007   1.7281846185971632E-006   1.5603956444015271E-006   9.2202361374372357E-008   9.5985235129678311E-005
   1.2373281388284967E-010   1.5078647070286404E-007   1.7298607170419280E-006   1.5605503120866819E-006   9.2111703149891936E-008   9.5973128399794429E-005
   1.3572258434197879E-010   1.5201110967756028E-007   1.7315131908601944E-006   1.5606858133071056E-006   9.2022124603750171E-008   9.5961014617647992E-005
   1.4825297096745346E-010   1.5346996378508131E-007   1.7331405888583764E-006   1.5608021000564659E-006   9.1933627749290617E-008   9.5948893814965465E-005
   1.6132128303154775E-010   1.5516624829385288E-007   1.7347414742286845E-006   1.5608991314046332E-006   9.1846214551903570E-008   9.5936766023463788E-005
   1.7492471205461456E-010   1.5710362235141550E-007   1.7363144261623220E-006   1.5609768735202299E-006   9.1759886929994589E-008   9.5924631274850710E-005
   1.8906034661313605E-010   1.5928615459702179E-007   1.7378580414704957E-006   1.5610352996892786E-006   9.1674646755942050E-008   9.5912489600824780E-005
   2.0372518977845620E-010   1.6171827819290394E-007   1.7393709362103725E-006   1.5610743903299431E-006   9.1590495857041300E-008   9.5900341033075681E-005
   2.1891617946688470E-010   1.6440473257542225E-007   1.7408517473130262E-006   1.5610941330033635E-006   9.1507436016433306E-008   9.5888185603284357E-005
   2.3463021200580933E-010   1.6735048863115874E-007   1.7422991342103152E-006   1.5610945224205876E-006   9.1425468974015246E-008   9.5876023343123294E-005
   2.5086416923759344E-010   1.7056065331169079E-007   1.7437117804575482E-006   1.5610755604456103E-006   9.1344596427330774E-008   9.5863854284256752E-005
   2.6761494948874215E-010   1.7404034890806395E-007   1.7450883953487107E-006   1.5610372560945407E-006   9.1264820032438555E-008   9.5851678458341090E-005
   2.8487950271955091E-010   1.7779456131196793E-007   1.7464277155209492E-006   1.5609796255309137E-006   9.1186141404756416E-008   9.5839495897025132E-005
   3.0265487013015270E-010   1.8182795060604512E-007   1.7477285065449474E-006   1.5609026920571785E-006   9.1108562119880809E-008   9.5827306631950424E-005
   3.2093822842027172E-010   1.8614461627834708E-007   1.7489895644977872E-006   1.5608064861023984E-006   9.1032083714379515E-008   9.5815110694751586E-005
   3.3972693876581932E-010   1.9074780829932331E-007   1.7502097175148162E-006   1.5606910452062017E-006   9.0956707686557587E-008   9.5802908117056801E-005
   3.5901860036469130E-010   1.9563957432559262E-007   1.7513878273170382E-006   1.5605564139990299E-006   9.0882435497196173E-008   9.5790698930488033E-005
   3.7881110809033728E-010   2.0082033254892823E-007   1.7525227907105063E-006   1.5604026441787366E-006   9.0809268570264226E-008   9.5778483166661537E-005
   3.9910271334294469E-010   2.0628835941135722E-007   1.7536135410541935E-006   1.5602297944835995E-006   9.0737208293604053E-008   9.5766260857188271E-005
   4.1989208656771252E-010   2.1203918187564091E-007   1.7546590496928163E-006   1.5600379306618089E-006   9.0666256019591834E-008   9.5754032033674262E-005
   4.4117837907872469E-010   2.1806486561451073E-007   1.7556583273511169E-006   1.5598271254375017E-006   9.0596413065774691E-008   9.5741796727721087E-005
   4.6296128074926587E-010   2.2435319394461033E-007   1.7566104254861159E-006   1.5595974584734232E-006   9.0527680715486552E-008   9.5729554970926274E-005
   4.8524106878120487E-010   2.3088673831478915E-007   1.7575144375939284E-006   1.5593490163302950E-006   9.0460060218444870E-008   9.5717306794883747E-005
   5.0801864115073056E-010   2.3764183052314761E-007   1.7583695004677711E-006   1.5590818924229737E-006   9.0393552791331463E-008   9.5705052231184336E-005
   5.3129552649835665E-010   2.4458746049378399E-007   1.7591747954038786E-006   1.5587961869734905E-006   9.0328159618359854E-008   9.5692791311416069E-005
   5.5507386032062488E-010   2.5168414219126701E-007   1.7599295493521474E-006   1.5584920069610607E-006   9.0263881851832552E-008   9.5680524067164724E-005
   5.7935631557829828E-010   2.5888281448929826E-007   1.7606330360084366E-006   1.5581694660691479E-006   9.0200720612691321E-008   9.5668250530014234E-005
   6.0414597466201347E-010   2.6612387310447047E-007   1.7612845768455897E-006   1.5578286846296722E-006   9.0138676991063091E-008   9.5655970731547017E-005
   6.2944612962665954E-010   2.7333646219571439E-007   1.7618835420803996E-006   1.5574697895644332E-006   9.0077752046804402E-008   9.5643684703344335E-005
   6.5525999945564926E-010   2.8043818595977798E-007   1.7624293515739033E-006   1.5570929143238146E-006   9.0017946810047103E-008   9.5631392476986599E-005
   6.8159035765975020E-010   2.8733542491297579E-007   1.7629214756626169E-006   1.5566981988228204E-006   8.9959262281746613E-008   9.5619094084053543E-005
   7.0843907146247040E-010   2.9392444916702237E-007   1.7633594359185031E-006   1.5562857893744631E-006   8.9901699434234776E-008   9.5606789556124371E-005
   7.3580656548185335E-010   3.0009350057554107E-007   1.7637428058357434E-006   1.5558558386204977E-006   8.9845259211778163E-008   9.5594478924777745E-005
   7.6369123769911453E-010   3.0572595616433124E-007   1.7640712114426309E-006   1.5554085054594563E-006   8.9789942531141856E-008   9.5582162221591663E-005
   7.9208887194564950E-010   3.1070457999225588E-007   1.7643443318371978E-006   1.5549439549718908E-006   8.9735750282158424E-008   9.5569839478143188E-005
   8.2099210612580640E-010   3.1491672197427734E-007   1.7645618996455018E-006   1.5544623583426597E-006   8.9682683328301419E-008   9.5557510726008028E-005
   8.5039002481639062E-010   3.1826014645292354E-007   1.7647237014018338E-006   1.5539638927800474E-006   8.9630742507261186E-008   9.5545175996760088E-005
   8.8026794442701773E-010   3.2064900190617832E-007   1.7648295778504620E-006   1.5534487414314056E-006   8.9579928631521047E-008   9.5532835321970779E-005
   9.1060744568243467E-010   3.2201931865409116E-007   1.7648794241688890E-006   1.5529170932949272E-006   8.9530242488930538E-008   9.5520488733208303E-005
   9.4138668153539020E-010   3.2233338643856539E-007   1.7648731901129952E-006   1.5523691431270790E-006   8.9481684843272318E-008   9.5508136262037048E-005
   9.7258095230624620E-010   3.2158244584928926E-007   1.7648108800848072E-006   1.5518050913451120E-006   8.9434256434818918E-008   9.5495777940016923E-005
   1.0041635009876287E-009   3.1978732550489058E-007   1.7646925531240135E-006   1.5512251439240133E-006   8.9387957980874803E-008   9.5483413798702735E-005
   1.0361064490774878E-009   3.1699693569196164E-007   1.7645183228247017E-006   1.5506295122871613E-006   8.9342790176300075E-008   9.5471043869643942E-005
   1.0683817747299627E-009   3.1328482816492774E-007   1.7642883571790856E-006   1.5500184131899344E-006   8.9298753694011590E-008   9.5458668184384253E-005
   1.1009622344153020E-009   3.0874428372471718E-007   1.7640028783502433E-006   1.5493920685955113E-006   8.9255849185459025E-008   9.5446286774461742E-005
   1.1338221456532854E-009   3.0348254207065782E-007   1.7636621623760199E-006   1.5487507055421344E-006   8.9214077281073943E-008   9.5433899671408707E-005
   1.1669379764248392E-009   2.9761482087499355E-007   1.7632665388062751E-006   1.5480945560012339E-006   8.9173438590691503E-008   9.5421506906752081E-005
   1.2002887191209207E-009   2.9125869484020052E-007   1.7628163902755100E-006   1.5474238567259677E-006   8.9133933703946257E-008   9.5409108512013645E-005
   1.2338560562950086E-009   2.8452925631087101E-007   1.7623121520125948E-006   1.5467388490900004E-006   8.9095563190645063E-008   9.5396704518710277E-005
   1.2676243472447651E-009   2.7753530113216545E-007   1.7617543112888037E-006   1.5460397789166576E-006   8.9058327601120778E-008   9.5384294958354270E-005
   1.3015804766933499E-009   2.7037661583169082E-007   1.7611434068046240E-006   1.5453268962990139E-006   8.9022227466571507E-008   9.5371879862453680E-005
   1.3357136102338236E-009   2.6314231022129744E-007   1.7604800280149020E-006   1.5446004554119154E-006   8.8987263299389290E-008   9.5359459262512453E-005
   1.3700148979408828E-009   2.5591005333689174E-007   1.7597648143908095E-006   1.5438607143174372E-006   8.8953435593482084E-008   9.5347033190030497E-005
   1.4044771603333299E-009   2.4874602831073842E-007   1.7589984546159782E-006   1.5431079347657966E-006   8.8920744824590681E-008   9.5334601676503724E-005
   1.4390945821038001E-009   2.4170541424051342E-007   1.7581816857131004E-006   1.5423423819941811E-006   8.8889191450601001E-008   9.5322164753424045E-005
   1.4738624304759988E-009   2.3483321888587382E-007   1.7573152920965112E-006   1.5415643245263761E-006   8.8858775911851342E-008   9.5309722452279104E-005
   1.5087768077343038E-009   2.2816531438759945E-007   1.7564001045460470E-006   1.5407740339763322E-006   8.8829498631431855E-008   9.5297274804552167E-005
   1.5438344418207610E-009   2.2172956088822411E-007   1.7554369990980608E-006   1.5399717848589306E-006   8.8801360015474602E-008   9.5284821841721810E-005
   1.5790325149202420E-009   2.1554693446073949E-007   1.7544268958511162E-006   1.5391578544111073E-006   8.8774360453431289E-008   9.5272363595261584E-005
   1.6143685274339622E-009   2.0963260310536767E-007   1.7533707576865538E-006   1.5383325224261677E-006   8.8748500318336762E-008   9.5259900096639736E-005
   1.6498401933601249E-009   2.0399691655617963E-007   1.7522695889075775E-006   1.5374960711035508E-006   8.8723779967056841E-008   9.5247431377318691E-005
   1.6854453625395208E-009   1.9864629222126302E-007   1.7511244338040673E-006   1.5366487849155005E-006   8.8700199740519812E-008   9.5234957468754851E-005
   1.7211819652072691E-009   1.9358399137162082E-007   1.7499363751532021E-006   1.5357909504911368E-006   8.8677759963931403E-008   9.5222478402398077E-005
   1.7570479746028685E-009   1.8881078756760891E-007   1.7487065326673663E-006   1.5349228565173832E-006   8.8656460946973581E-008   9.5209994209691302E-005
   1.7930413838720899E-009   1.8432553417149366E-007   1.7474360614004707E-006   1.5340447936551834E-006   8.8636302983988008E-008   9.5197504922070236E-005
   1.8291601940396820E-009   1.8012564045267704E-007   1.7461261501219775E-006   1.5331570544685846E-006   8.8617286354145134E-008   9.5185010570962756E-005
   1.8654024103746226E-009   1.7620746691798300E-007   1.7447780196654678E-006   1.5322599333636503E-006   8.8599411321599729E-008   9.5172511187788770E-005
   1.9017660449718306E-009   1.7256665061334165E-007   1.7433929212563502E-006   1.5313537265338314E-006   8.8582678135634198E-008   9.5160006803959648E-005
   1.9382491238174631E-009   1.6919837063107927E-007   1.7419721348220162E-006   1.5304387319084174E-006   8.8567087030790031E-008   9.5147497450878005E-005
   1.9748496969833839E-009   1.6609756319366565E-007   1.7405169672874704E-006   1.5295152491009183E-006   8.8552638226988865E-008   9.5134983159937279E-005
   2.0115658509117592E-009   1.6325909465832943E-007   1.7390287508599778E-006   1.5285835793546947E-006   8.8539331929643071E-008   9.5122463962521317E-005
   2.0483957220087527E-009   1.6067789972040378E-007   1.7375088413070548E-006   1.5276440254837019E-006   8.8527168329756898E-008   9.5109939890004137E-005
   2.0853375109744093E-009   1.5834909106226777E-007   1.7359586162327755E-006   1.5266968918068440E-006   8.8516147604018428E-008   9.5097410973749580E-005
   2.1223894974619526E-009   1.5626804574172993E-007   1.7343794733576667E-006   1.5257424840750238E-006   8.8506269914882346E-008   9.5084877245110985E-005
   2.1595500547913395E-009   1.5443047275866187E-007   1.7327728288072824E-006   1.5247811093905226E-006   8.8497535410644230E-008   9.5072338735430873E-005
   2.1968176645458908E-009   1.5283246548715170E-007   1.7311401154140960E-006   1.5238130761187798E-006   8.8489944225506034E-008   9.5059795476040628E-005
   2.2341909309628721E-009   1.5147054200914115E-007   1.7294827810366586E-006   1.5228386937930239E-006   8.8483496479633119E-008   9.5047247498260317E-005
   2.2716685950941616E-009   1.5034167582619043E-007   1.7278022868992593E-006   1.5218582730124320E-006   8.8478192279202654E-008   9.5034694833398255E-005
   2.3092495487656057E-009   1.4944331894800485E-007   1.7261001059546363E-006   1.5208721253346755E-006   8.8474031716443570E-008   9.5022137512750860E-005
   2.3469328484067914E-009   1.4877341894806183E-007   1.7243777212717380E-006   1.5198805631638030E-006   8.8471014869667927E-008   9.5009575567602339E-005
   2.3847177288595744E-009   1.4833043122650406E-007   1.7226366244500867E-006   1.5188838996344168E-006   8.8469141803293679E-008   9.4997009029224429E-005
   2.4226036173059074E-009   1.4811332741726174E-007   1.7208783140619732E-006   1.5178824484930896E-006   8.8468412567858796E-008   9.4984437928876130E-005
   2.4605901474853826E-009   1.4812160060963564E-007   1.7191042941235132E-006   1.5168765239779100E-006   8.8468827200026557E-008   9.4971862297803510E-005
   2.4986771744017286E-009   1.4835526781444163E-007   1.7173160725954628E-006   1.5158664406969580E-006   8.8470385722582146E-008   9.4959282167239413E-005
   2.5368647897466684E-009   1.4881486988198529E-007   1.7155151599146045E-006   1.5148525135064223E-006   8.8473088144420510E-008   9.4946697568403291E-005
   2.5751533382999583E-009   1.4950146886468195E-007   1.7137030675564884E-006   1.5138350573889840E-006   8.8476934460524935E-008   9.4934108532500962E-005
   2.6135434355968924E-009   1.5041664260233883E-007   1.7118813066302904E-006   1.5128143873329800E-006   8.8481924651936815E-008   9.4921515090724327E-005
   2.6520359871896609E-009   1.5156247608425024E-007   1.7100513865065280E-006   1.5117908182127825E-006   8.8488058685716412E-008   9.4908917274251232E-005
   2.6906322098669223E-009   1.5294154890036272E-007   1.7082148134783678E-006   1.5107646646707482E-006   8.8495336514894269E-008   9.4896315114245225E-005
   2.7293336552368908E-009   1.5455691782449747E-007   1.7063730894572233E-006   1.5097362410010077E-006   8.8503758078413485E-008   9.4883708641855407E-005
   2.7681422361226665E-009   1.5641209326605120E-007   1.7045277107033208E-006   1.5087058610353219E-006   8.8513323301062813E-008   9.4871097888216135E-005
   2.8070602562635019E-009   1.5851100797219142E-007   1.7026801665918561E-006   1.5076738380311538E-006   8.8524032093400036E-008   9.4858482884446939E-005
   2.8460904438604750E-009   1.6085797594916663E-007   1.7008319384153082E-006   1.5066404845620839E-006   8.8535884351666423E-008   9.4845863661652263E-005
   2.8852359895467497E-009   1.6345763908745368E-007   1.6989844982224146E-006   1.5056061124106439E-006   8.8548879957691163E-008   9.4833240250921376E-005
   2.9245005893969327E-009   1.6631489840967944E-007   1.6971393076942333E-006   1.5045710324636206E-006   8.8563018778786718E-008   9.4820612683328053E-005
   2.9638884936105841E-009   1.6943482620228127E-007   1.6952978170576388E-006   1.5035355546098613E-006   8.8578300667634192E-008   9.4807980989930607E-005
   3.0034045615026197E-009   1.7282255453407199E-007   1.6934614640365039E-006   1.5024999876405795E-006   8.8594725462159244E-008   9.4795345201771603E-005
   3.0430543233952306E-009   1.7648313480477171E-007   1.6916316728407418E-006   1.5014646391521681E-006   8.8612292985398281E-008   9.4782705349877737E-005
   3.0828440499146334E-009   1.8042136201064857E-007   1.6898098531932747E-006   1.5004298154514975E-006   8.8631003045354583E-008   9.4770061465259669E-005
   3.1227808290276277E-009   1.8464155638372638E-007   1.6879973993949176E-006   1.4993958214636756E-006   8.8650855434845004E-008   9.4757413578912004E-005
   3.1628726508765384E-009   1.8914729399912369E-007   1.6861956894270623E-006   1.4983629606422403E-006   8.8671849931336373E-008   9.4744761721813134E-005
   3.2031285000464427E-009   1.9394107692908261E-007   1.6844060840919634E-006   1.4973315348817576E-006   8.8693986296772157E-008   9.4732105924925027E-005
   3.2435584542753937E-009   1.9902393267738282E-007   1.6826299261903382E-006   1.4963018444327795E-006   8.8717264277389094E-008   9.4719446219193281E-005
   3.2841737877360881E-009   2.0439493214625598E-007   1.6808685397359050E-006   1.4952741878191350E-006   8.8741683603523551E-008   9.4706782635547038E-005
   3.3249870758065520E-009   2.1005061555108883E-007   1.6791232292064158E-006   1.4942488617575100E-006   8.8767243989408000E-008   9.4694115204898828E-005
   3.3660122966338939E-009   2.1598431690156923E-007   1.6773952788306469E-006   1.4932261610792792E-006   8.8793945132957207E-008   9.4681443958144644E-005
   3.4072649227103661E-009   2.2218538044373772E-007   1.6756859519107471E-006   1.4922063786545557E-006   8.8821786715544109E-008   9.4668768926163893E-005
   3.4487619930784391E-009   2.2863826748784595E-007   1.6739964901792861E-006   1.4911898053184119E-006   8.8850768401765605E-008   9.4656090139819379E-005
   3.4905221536655238E-009   2.3532156015398107E-007   1.6723281131902725E-006   1.4901767297992477E-006   8.8880889839197821E-008   9.4643407629957398E-005
   3.5325656497157652E-009   2.4220688065805059E-007   1.6706820177433479E-006   1.4891674386492513E-006   8.8912150658141236E-008   9.4630721427407702E-005
   3.5749142505816053E-009   2.4925776169766464E-007   1.6690593773403393E-006   1.4881622161769318E-006   8.8944550471355348E-008   9.4618031562983666E-005
   3.6175910837260801E-009   2.5642852585938928E-007   1.6674613416732775E-006   1.4871613443816780E-006   8.8978088873782982E-008   9.4605338067482313E-005
   3.6606203524227697E-009   2.6366325966619108E-007   1.6658890361429602E-006   1.4861651028903101E-006   8.9012765442264567E-008   9.4592640971684398E-005
   3.7040269114186559E-009   2.7089499961741210E-007   1.6643435614071127E-006   1.4851737688955911E-006   8.9048579735241526E-008   9.4579940306354593E-005
   3.7478356781666443E-009   2.7804528017810785E-007   1.6628259929571471E-006   1.4841876170966625E-006   8.9085531292450302E-008   9.4567236102241549E-005
   3.7920708657493811E-009   2.8502422149052017E-007   1.6613373807225161E-006   1.4832069196413696E-006   8.9123619634605547E-008   9.4554528390077938E-005
   3.8367550387783350E-009   2.9173134914221371E-007   1.6598787487016257E-006   1.4822319460704471E-006   8.9162844263073934E-008   9.4541817200580509E-005
   3.8819080161401856E-009   2.9805732880994572E-007   1.6584510946182643E-006   1.4812629632635379E-006   8.9203204659537804E-008   9.4529102564450086E-005
   3.9275456737977550E-009   3.0388675354838520E-007   1.6570553896024908E-006   1.4803002353870078E-006   8.9244700285649526E-008   9.4516384512371421E-005
   3.9736787340046421E-009   3.0910203216174268E-007   1.6556925778949248E-006   1.4793440238435428E-006   8.9287330582676218E-008   9.4503663075013055E-005
   4.0203116586009569E-009   3.1358829219858988E-007   1.6543635765733839E-006   1.4783945872234958E-006   8.9331094971135322E-008   9.4490938283026902E-005
   4.0674417854484607E-009   3.1723904177678413E-007   1.6530692753008167E-006   1.4774521812579632E-006   8.9375992850421241E-008   9.4478210167047921E-005
   4.1150588495790864E-009   3.1996215708681352E-007   1.6518105360934901E-006   1.4765170587735755E-006   8.9422023598422605E-008   9.4465478757693521E-005
   4.1631450071937115E-009   3.2168561670571164E-007   1.6505881931084011E-006   1.4755894696489750E-006   8.9469186571130790E-008   9.4452744085562923E-005
   4.2116754293840964E-009   3.2236233401310437E-007   1.6494030524489053E-006   1.4746696607729634E-006   8.9517481102238986E-008   9.4440006181236496E-005
   4.2606194591803974E-009   3.2197347954764675E-007   1.6482558919875514E-006   1.4737578760042930E-006   8.9566906502731975E-008   9.4427265075275053E-005
   4.3099422438470286E-009   3.2052984581557895E-007   1.6471474612051446E-006   1.4728543561330773E-006   8.9617462060465840E-008   9.4414520798219269E-005
   4.3596066824833588E-009   3.1807106418083665E-007   1.6460784810450606E-006   1.4719593388437860E-006   8.9669147039737265E-008   9.4401773380589041E-005
   4.4095754841360206E-009   3.1466278341551336E-007   1.6450496437818522E-006   1.4710730586797919E-006   8.9721960680841974E-008   9.4389022852883099E-005
   4.4598131241012098E-009   3.1039219467394296E-007   1.6440616129032026E-006   1.4701957470094260E-006   8.9775902199621113E-008   9.4376269245578827E-005
   4.5102875158582420E-009   3.0536247860658196E-007   1.6431150230042997E-006   1.4693276319935002E-006   8.9830970786995559E-008   9.4363512589132128E-005
   4.5609712733182970E-009   2.9968682421975949E-007   1.6422104796937182E-006   1.4684689385542467E-006   8.9887165608486743E-008   9.4350752913977546E-005
   4.6118425072712952E-009   2.9348262689495140E-007   1.6413485595099191E-006   1.4676198883456367E-006   8.9944485803723928E-008   9.4337990250528591E-005
   4.6628851653157519E-009   2.8686634378259872E-007   1.6405298098475177E-006   1.4667806997250226E-006   9.0002930485936435E-008   9.4325224629177945E-005
   4.7140889746599269E-009   2.7994931172301976E-007   1.6397547488924745E-006   1.4659515877260648E-006   9.0062498741431175E-008   9.4312456080297959E-005
   4.7654490767709693E-009   2.7283465800145367E-007   1.6390238655654264E-006   1.4651327640329000E-006   9.0123189629054276E-008   9.4299684634241145E-005
   4.8169654525272344E-009   2.6561528813941164E-007   1.6383376194723958E-006   1.4643244369555104E-006   9.0185002179636435E-008   9.4286910321340482E-005
   4.8686422307219484E-009   2.5837283276076937E-007   1.6376964408621569E-006   1.4635268114062567E-006   9.0247935395422314E-008   9.4274133171909873E-005
   4.9204869573704333E-009   2.5117737901627169E-007   1.6371007305895846E-006   1.4627400888775392E-006   9.0311988249483143E-008   9.4261353216244486E-005
   4.9725098838165118E-009   2.4408779389010177E-007   1.6365508600843484E-006   1.4619644674205520E-006   9.0377159685113822E-008   9.4248570484621087E-005
   5.0247233122703176E-009   2.3715245582696508E-007   1.6360471713243590E-006   1.4612001416251002E-006   9.0443448615214398E-008   9.4235785007298079E-005
   5.0771410206605489E-009   2.3041023627044599E-007   1.6355899768134143E-006   1.4604473026004461E-006   9.0510853921657031E-008   9.4222996814515798E-005
   5.1297777756552951E-009   2.2389160468857831E-007   1.6351795595625418E-006   1.4597061379571560E-006   9.0579374454640091E-008   9.4210205936496542E-005
   5.1826489335051986E-009   2.1761976305741745E-007   1.6348161730745640E-006   1.4589768317899150E-006   9.0649009032030418E-008   9.4197412403444598E-005
   5.2357701225240123E-009   2.1161174478325510E-007   1.6345000413314745E-006   1.4582595646612800E-006   9.0719756438695724E-008   9.4184616245546256E-005
   5.2891569978349381E-009   2.0587943692543271E-007   1.6342313587842396E-006   1.4575545135863451E-006   9.0791615425827963E-008   9.4171817492969670E-005
   5.3428250577405849E-009   2.0043050297347270E-007   1.6340102903446935E-006   1.4568618520182820E-006   9.0864584710259811E-008   9.4159016175864973E-005
   5.3967895110748972E-009   1.9526919677525630E-007   1.6338369713792318E-006   1.4561817498347354E-006   9.0938662973774668E-008   9.4146212324364067E-005
   5.4510651856579335E-009   1.9039706732201931E-007   1.6337115077040579E-006   1.4555143733250364E-006   9.1013848862410872E-008   9.4133405968580504E-005
   5.5056664691288860E-009   1.8581355988318404E-007   1.6336339755817776E-006   1.4548598851782095E-006   9.1090140985759919E-008   9.4120597138609501E-005
   5.5606072747289199E-009   1.8151652230318389E-007   1.6336044217191820E-006   1.4542184444717429E-006   9.1167537916258423E-008   9.4107785864527721E-005
   5.6159010258871123E-009   1.7750262684674759E-007   1.6336228632661000E-006   1.4535902066610965E-006   9.1246038188472839E-008   9.4094972176393313E-005
   5.6715606546416405E-009   1.7376771838155717E-007   1.6336892878152490E-006   1.4529753235699141E-006   9.1325640298375877E-008   9.4082156104245752E-005
   5.7275986099628366E-009   1.7030709934883059E-007   1.6338036534030629E-006   1.4523739433809208E-006   9.1406342702613077E-008   9.4069337678105621E-005
   5.7840268729223752E-009   1.6711576120354141E-007   1.6339658885114998E-006   1.4517862106274722E-006   9.1488143817758345E-008   9.4056516927974799E-005
   5.8408569763790733E-009   1.6418857102099217E-007   1.6341758920709083E-006   1.4512122661857310E-006   9.1571042019557342E-008   9.4043693883836193E-005
   5.8981000274410953E-009   1.6152042090687741E-007   1.6344335334640438E-006   1.4506522472674498E-006   9.1655035642157426E-008   9.4030868575653749E-005
   5.9557667314351213E-009   1.5910634680249051E-007   1.6347386525313900E-006   1.4501062874133285E-006   9.1740122977323362E-008   9.4018041033372358E-005
   6.0138674164844995E-009   1.5694162229684488E-007   1.6350910595779853E-006   1.4495745164869268E-006   9.1826302273638574E-008   9.4005211286917899E-005
   6.0724120580886447E-009   1.5502183216949722E-007   1.6354905353819813E-006   1.4490570606691066E-006   9.1913571735690986E-008   9.3992379366197084E-005
   6.1314103033209289E-009   1.5334292960159441E-007   1.6359368312052246E-006   1.4485540424529777E-006   9.2001929523243829E-008   9.3979545301097519E-005
   6.1908714944361609E-009   1.5190128030764095E-007   1.6364296688061881E-006   1.4480655806393297E-006   9.2091373750391269E-008   9.3966709121487700E-005
   6.2508046918127704E-009   1.5069369625016009E-007   1.6369687404556093E-006   1.4475917903325155E-006   9.2181902484698960E-008   9.3953870857216905E-005
   6.3112186962587717E-009   1.4971746109403060E-007   1.6375537089552700E-006   1.4471327829367714E-006   9.2273513746329772E-008   9.3941030538115250E-005
   6.3721220707921194E-009   1.4897034912560049E-007   1.6381842076603476E-006   1.4466886661529371E-006   9.2366205507154847E-008   9.3928188193993740E-005
   6.4335231620714645E-009   1.4845063899216346E-007   1.6388598405058533E-006   1.4462595439755519E-006   9.2459975689850682E-008   9.3915343854644110E-005
   6.4954301217075538E-009   1.4815712329873612E-007   1.6395801820376894E-006   1.4458455166902901E-006   9.2554822166981892E-008   9.3902497549839067E-005
   6.5578509277326234E-009   1.4808911482056585E-007   1.6403447774489041E-006   1.4454466808716931E-006   9.2650742760070395E-008   9.3889649309332072E-005
   6.6207934065482253E-009   1.4824644984134057E-007   1.6411531426217661E-006   1.4450631293811590E-006   9.2747735238651198E-008   9.3876799162857560E-005
   6.6842652557136275E-009   1.4862948889914789E-007   1.6420047641763171E-006   1.4446949513651266E-006   9.2845797319314614E-008   9.3863947140130830E-005
   6.7482740679790940E-009   1.4923911500578841E-007   1.6428990995261025E-006   1.4443422322533979E-006   9.2944926664735601E-008   9.3851093270848110E-005
   6.8128273570127131E-009   1.5007672919129643E-007   1.6438355769418148E-006   1.4440050537575224E-006   9.3045120882689761E-008   9.3838237584686616E-005
   6.8779325853168167E-009   1.5114424300572970E-007   1.6448135956236178E-006   1.4436834938691625E-006   9.3146377525057020E-008   9.3825380111304564E-005
   6.9435971948814715E-009   1.5244406737559062E-007   1.6458325257829690E-006   1.4433776268583567E-006   9.3248694086811869E-008   9.3812520880341235E-005
   7.0098286411777560E-009   1.5397909695341333E-007   1.6468917087347696E-006   1.4430875232715917E-006   9.3352068005001289E-008   9.3799659921417006E-005
   7.0766344311525578E-009   1.5575268880636310E-007   1.6479904570007303E-006   1.4428132499296079E-006   9.3456496657709926E-008   9.3786797264133279E-005
   7.1440221659477334E-009   1.5776863395280392E-007   1.6491280544248460E-006   1.4425548699248817E-006   9.3561977363012537E-008   9.3773932938072659E-005
   7.2119995891276937E-009   1.6003111986372555E-007   1.6503037563019251E-006   1.4423124426187592E-006   9.3668507377914061E-008   9.3761066972799037E-005
   7.2805746412565968E-009   1.6254468158724290E-007   1.6515167895201301E-006   1.4420860236382744E-006   9.3776083897276906E-008   9.3748199397857449E-005
   7.3497555217135154E-009   1.6531413861758985E-007   1.6527663527185226E-006   1.4418756648727300E-006   9.3884704052735922E-008   9.3735330242774272E-005
   7.4195507586623631E-009   1.6834451400433117E-007   1.6540516164606277E-006   1.4416814144701999E-006   9.3994364911600864E-008   9.3722459537057205E-005
   7.4899692880903757E-009   1.7164093147417715E-007   1.6553717234250503E-006   1.4415033168341687E-006   9.4105063475746323E-008   9.3709587310195357E-005
   7.5610205427767559E-009   1.7520848551226406E-007   1.6567257886142036E-006   1.4413414126205685E-006   9.4216796680489373E-008   9.3696713591659225E-005
   7.6327145519276009E-009   1.7905207842502454E-007   1.6581128995822229E-006   1.4411957387354830E-006   9.4329561393454832E-008   9.3683838410900809E-005
   7.7050620519814591E-009   1.8317621739818184E-007   1.6595321166831573E-006   1.4410663283337658E-006   9.4443354413428134E-008   9.3670961797353636E-005
   7.7780746087088032E-009   1.8758476350580512E-007   1.6609824733405434E-006   1.4409532108187477E-006   9.4558172469196068E-008   9.3658083780432750E-005
   7.8517647501422900E-009   1.9228062358394015E-007   1.6624629763394812E-006   1.4408564118430974E-006   9.4674012218375253E-008   9.3645204389534921E-005
   7.9261461090131183E-009   1.9726537496197147E-007   1.6639726061423464E-006   1.4407759533107749E-006   9.4790870246228371E-008   9.3632323654038534E-005
   8.0012335721465143E-009   2.0253881241346134E-007   1.6655103172292713E-006   1.4407118533799033E-006   9.4908743064468446E-008   9.3619441603303674E-005
   8.0770434325880796E-009   2.0809840659393091E-007   1.6670750384645605E-006   1.4406641264662839E-006   9.5027627110051159E-008   9.3606558266672309E-005
   8.1535935379851835E-009   2.1393866402960192E-007   1.6686656734901965E-006   1.4406327832472341E-006   9.5147518743954991E-008   9.3593673673468189E-005
   8.2309034258314923E-009   2.2005038089181734E-007   1.6702811011476214E-006   1.4406178306654262E-006   9.5268414249949824E-008   9.3580787852997030E-005
   8.3089944325211815E-009   2.2641978696731496E-007   1.6719201759289830E-006   1.4406192719324464E-006   9.5390309833353476E-008   9.3567900834546573E-005
   8.3878897587398754E-009   2.3302758319238078E-007   1.6735817284590666E-006   1.4406371065318668E-006   9.5513201619776923E-008   9.3555012647386578E-005
   8.4676144686482001E-009   2.3984788674719013E-007   1.6752645660091292E-006   1.4406713302217077E-006   9.5637085653857742E-008   9.3542123320769117E-005
   8.5481953948950789E-009   2.4684711290376660E-007   1.6769674730438715E-006   1.4407219350362480E-006   9.5761957897982188E-008   9.3529232883928442E-005
   8.6296609163322987E-009   2.5398284329791360E-007   1.6786892118027491E-006   1.4407889092872083E-006   9.5887814230996107E-008   9.3516341366081321E-005
   8.7120405713918876E-009   2.6120275624380909E-007   1.6804285229167308E-006   1.4408722375643806E-006   9.6014650446904778E-008   9.3503448796426958E-005
   8.7953644689246482E-009   2.6844372531314655E-007   1.6821841260613961E-006   1.4409719007358067E-006   9.6142462253561665E-008   9.3490555204147279E-005
   8.8796624618711220E-009   2.7563122520708112E-007   1.6839547206468269E-006   1.4410878759476058E-006   9.6271245271346744E-008   9.3477660618406861E-005
   8.9649630597876826E-009   2.8267921420969703E-007   1.6857389865439957E-006   1.4412201366235631E-006   9.6400995031834369E-008   9.3464765068353178E-005
   9.0512920762756063E-009   2.8949068271714862E-007   1.6875355848461531E-006   1.4413686524645642E-006   9.6531706976451097E-008   9.3451868583116574E-005
   9.1386710382725560E-009   2.9595905734914347E-007   1.6893431586621832E-006   1.4415333894479536E-006   9.6663376455123757E-008   9.3438971191810304E-005
   9.2271154256310045E-009   3.0197061843534832E-007   1.6911603339372877E-006   1.4417143098268698E-006   9.6795998724918359E-008   9.3426072923530370E-005
   9.3166328580393332E-009   3.0740801507614426E-007   1.6929857202956757E-006   1.4419113721296056E-006   9.6929568948670088E-008   9.3413173807355452E-005
   9.4072213947902616E-009   3.1215484208264055E-007   1.6948179119015176E-006   1.4421245311590212E-006   9.7064082193605204E-008   9.3400273872346575E-005
   9.4988681499278497E-009   3.1610108330861221E-007   1.6966554883396144E-006   1.4423537379920310E-006   9.7199533429955139E-008   9.3387373147546694E-005
   9.5915484375177138E-009   3.1914904732214154E-007   1.6984970155256386E-006   1.4425989399791866E-006   9.7335917529563327E-008   9.3374471661980215E-005
   9.6852256373145851E-009   3.2121925981598048E-007   1.7003410466640701E-006   1.4428600807443702E-006   9.7473229264485547E-008   9.3361569444652188E-005
   9.7798519045168575E-009   3.2225567671455870E-007   1.7021861232742739E-006   1.4431371001846114E-006   9.7611463305583876E-008   9.3348666524547524E-005
   9.8753697439630625E-009   3.2222958224310149E-007   1.7040307762976158E-006   1.4434299344700526E-006   9.7750614221115161E-008   9.3335762930630211E-005
   9.9717143465651596E-009   3.2114165691052881E-007   1.7058735272834541E-006   1.4437385160440781E-006   9.7890676475313679E-008   9.3322858691842199E-005
   1.0068816470322398E-008   3.1902192939638661E-007   1.7077128896375723E-006   1.4440627736236278E-006   9.8031644426968655E-008   9.3309953837102574E-005
   1.0166605567347384E-008   3.1592761904513499E-007   1.7095473699109747E-006   1.4444026321997226E-006   9.8173512327996707E-008   9.3297048395306600E-005
   1.0265012831256036E-008   3.1193916685391961E-007   1.7113754691111888E-006   1.4447580130382151E-006   9.8316274322008872E-008   9.3284142395324966E-005
   1.0363973870545413E-008   3.0715497780281343E-007   1.7131956840275444E-006   1.4451288336807892E-006   9.8459924442872935E-008   9.3271235866003183E-005
   1.0463430791977866E-008   3.0168551274865735E-007   1.7150065085703378E-006   1.4455150079462253E-006   9.8604456613270635E-008   9.3258328836160932E-005
   1.0563333581429369E-008   2.9564736338628434E-007   1.7168064351283598E-006   1.4459164459319423E-006   9.8749864643249874E-008   9.3245421334591883E-005
   1.0663640773360263E-008   2.8915783977102405E-007   1.7185939559500639E-006   1.4463330540158299E-006   9.8896142228772349E-008   9.3232513390063349E-005
   1.0764319484140237E-008   2.8233043672695603E-007   1.7203675645523008E-006   1.4467647348583801E-006   9.9043282950256987E-008   9.3219605031316229E-005
   1.0865344938195944E-008   2.7527136706926303E-007   1.7221257571585596E-006   1.4472113874051301E-006   9.9191280271118942E-008   9.3206696287064967E-005
   1.0966699638090648E-008   2.6807719117286421E-007   1.7238670341668852E-006   1.4476729068894213E-006   9.9340127536305183E-008   9.3193787185997552E-005
   1.1068372325785077E-008   2.6083345447881451E-007   1.7255899016463704E-006   1.4481491848354922E-006   9.9489817970827008E-008   9.3180877756775547E-005
   1.1170356861285103E-008   2.5361417289039219E-007   1.7272928728603332E-006   1.4486401090619085E-006   9.9640344678290023E-008   9.3167968028034099E-005
   1.1272651115554578E-008   2.4648197590233598E-007   1.7289744698138304E-006   1.4491455636853543E-006   9.9791700639421792E-008   9.3155058028381889E-005
   1.1375255944026102E-008   2.3948871843756646E-007   1.7306332248229029E-006   1.4496654291247914E-006   9.9943878710598140E-008   9.3142147786401129E-005
   1.1478174279827217E-008   2.3267639321445999E-007   1.7322676821028181E-006   1.4501995821060132E-006   1.0009687162236873E-007   9.3129237330647426E-005
   1.1581410364172809E-008   2.2607820599061768E-007   1.7338763993724693E-006   1.4507478956666047E-006   1.0025067197798175E-007   9.3116326689649583E-005
   1.1684969115743835E-008   2.1971970883645860E-007   1.7354579494720345E-006   1.4513102391613392E-006   1.0040527225190911E-007   9.3103415891909581E-005
   1.1788855630712221E-008   2.1361991704432454E-007   1.7370109219909273E-006   1.4518864782680274E-006   1.0056066478837176E-007   9.3090504965902241E-005
   1.1893074799324298E-008   2.0779236100843862E-007   1.7385339249029917E-006   1.4524764749938478E-006   1.0071684179986628E-007   9.3077593940075050E-005
   1.1997631022455417E-008   2.0224604465729124E-007   1.7400255862058412E-006   1.4530800876821842E-006   1.0087379536569278E-007   9.3064682842848009E-005
   1.2102528011241654E-008   1.9698629700637983E-007   1.7414845555611565E-006   1.4536971710199952E-006   1.0103151743048457E-007   9.3051771702613284E-005
   1.2207768653931287E-008   1.9201551385123375E-007   1.7429095059326963E-006   1.4543275760457447E-006   1.0118999980274010E-007   9.3038860547735121E-005
   1.2313354935850706E-008   1.8733379344019949E-007   1.7442991352187080E-006   1.4549711501579215E-006   1.0134923415335786E-007   9.3025949406549523E-005
   1.2419287900415912E-008   1.8293947403884381E-007   1.7456521678753546E-006   1.4556277371241778E-006   1.0150921201417426E-007   9.3013038307364224E-005
   1.2525567641168607E-008   1.7882958339519409E-007   1.7469673565277465E-006   1.4562971770911151E-006   1.0166992477650590E-007   9.3000127278458441E-005
   1.2632193316717564E-008   1.7500021086176098E-007   1.7482434835650916E-006   1.4569793065947494E-006   1.0183136368969639E-007   9.2987216348082796E-005
   1.2739163182144203E-008   1.7144681280389964E-007   1.7494793627164724E-006   1.4576739585716835E-006   1.0199351985966898E-007   9.2974305544459249E-005
   1.2846474631859924E-008   1.6816446127338055E-007   1.7506738406037130E-006   1.4583809623710225E-006   1.0215638424748635E-007   9.2961394895781107E-005
   1.2954124250086864E-008   1.6514804499539102E-007   1.7518257982678025E-006   1.4591001437670581E-006   1.0231994766791866E-007   9.2948484430212963E-005
   1.3062107866094920E-008   1.6239243067054653E-007   1.7529341526653353E-006   1.4598313249727584E-006   1.0248420078802157E-007   9.2935574175890715E-005
   1.3170420612095008E-008   1.5989259153561558E-007   1.7539978581314389E-006   1.4605743246540914E-006   1.0264913412572610E-007   9.2922664160921724E-005
   1.3279056982292678E-008   1.5764370912020674E-007   1.7550159078056886E-006   1.4613289579452195E-006   1.0281473804844213E-007   9.2909754413384872E-005
   1.3388010892076376E-008   1.5564125321540432E-007   1.7559873350175521E-006   1.4620950364645924E-006   1.0298100277167778E-007   9.2896844961330789E-005
   1.3497275736677610E-008   1.5388104424889155E-007   1.7569112146279463E-006   1.4628723683319756E-006   1.0314791835767626E-007   9.2883935832781885E-005
   1.3606844448918269E-008   1.5235930154193872E-007   1.7577866643235628E-006   1.4636607581864445E-006   1.0331547471407262E-007   9.2871027055732680E-005
   1.3716709555872789E-008   1.5107268030190448E-007   1.7586128458606936E-006   1.4644600072053813E-006   1.0348366159257169E-007   9.2858118658150035E-005
   1.3826863234435233E-008   1.5001829967068078E-007   1.7593889662553807E-006   1.4652699131245032E-006   1.0365246858764910E-007   9.2845210667973378E-005
   1.3937297365906322E-008   1.4919376369392713E-007   1.7601142789168126E-006   1.4660902702589607E-006   1.0382188513527637E-007   9.2832303113115033E-005
   1.4048003589813415E-008   1.4859717668645617E-007   1.7607880847210157E-006   1.4669208695255347E-006   1.0399190051167106E-007   9.2819396021460423E-005
   1.4158973357255317E-008   1.4822715413432015E-007   1.7614097330220079E-006   1.4677614984659719E-006   1.0416250383207292E-007   9.2806489420868571E-005
   1.4270197984130191E-008   1.4808282998306515E-007   1.7619786225977302E-006   1.4686119412714859E-006   1.0433368404954602E-007   9.2793583339172205E-005
   1.4381668704664137E-008   1.4816386090395501E-007   1.7624942025282212E-006   1.4694719788084640E-006   1.0450542995380761E-007   9.2780677804178292E-005
   1.4493376725713598E-008   1.4847042789602122E-007   1.7629559730036627E-006   1.4703413886454087E-006   1.0467773017008335E-007   9.2767772843668227E-005
   1.4605313282370905E-008   1.4900323536237375E-007   1.7633634860601017E-006   1.4712199450811496E-006   1.0485057315798987E-007   9.2754868485398317E-005
   1.4717469695460513E-008   1.4976350758545581E-007   1.7637163462408336E-006   1.4721074191743613E-006   1.0502394721044414E-007   9.2741964757099999E-005
   1.4829837431576456E-008   1.5075298230911847E-007   1.7640142111816269E-006   1.4730035787744151E-006   1.0519784045260058E-007   9.2729061686480264E-005
   1.4942408166380108E-008   1.5197390090673597E-007   1.7642567921181729E-006   1.4739081885536064E-006   1.0537224084081620E-007   9.2716159301221938E-005
   1.5055173851952571E-008   1.5342899436501058E-007   1.7644438543143515E-006   1.4748210100407813E-006   1.0554713616164486E-007   9.2703257628984088E-005
   1.5168126789077253E-008   1.5512146403309315E-007   1.7645752174101118E-006   1.4757418016564040E-006   1.0572251403086106E-007   9.2690356697402242E-005
   1.5281259705415050E-008   1.5705495576606787E-007   1.7646507556880027E-006   1.4766703187490934E-006   1.0589836189251516E-007   9.2677456534088752E-005
   1.5394565840623952E-008   1.5923352571995496E-007   1.7646703982576054E-006   1.4776063136336615E-006   1.0607466701802076E-007   9.2664557166633095E-005
   1.5508039039563081E-008   1.6166159562088518E-007   1.7646341291573428E-006   1.4785495356306903E-006   1.0625141650527603E-007   9.2651658622602058E-005
   1.5621673854800856E-008   1.6434389482244744E-007   1.7645419873733907E-006   1.4794997311076727E-006   1.0642859727782040E-007   9.2638760929540206E-005
   1.5735465659708574E-008   1.6728538587124687E-007   1.7643940667756313E-006   1.4804566435217596E-006   1.0660619608402864E-007   9.2625864114969793E-005
   1.5849410773448558E-008   1.7049116961178243E-007   1.7641905159708372E-006   1.4814200134641372E-006   1.0678419949634333E-007   9.2612968206391322E-005
   1.5963506599139353E-008   1.7396636507154330E-007   1.7639315380734960E-006   1.4823895787060732E-006   1.0696259391054833E-007   9.2600073231283587E-005
   1.6077751776369561E-008   1.7771595847563487E-007   1.7636173903949320E-006   1.4833650742466617E-006   1.0714136554508440E-007   9.2587179217103885E-005
   1.6192146348996438E-008   1.8174461475770358E-007   1.7632483840515948E-006   1.4843462323623060E-006   1.0732050044040902E-007   9.2574286191288182E-005
   1.6306691948751158E-008   1.8605644388765757E-007   1.7628248834936191E-006   1.4853327826579673E-006   1.0749998445840184E-007   9.2561394181251262E-005
   1.6421391994509732E-008   1.9065471327956489E-007   1.7623473059549839E-006   1.4863244521202239E-006   1.0767980328181803E-007   9.2548503214386971E-005
   1.6536251906085762E-008   1.9554149656578319E-007   1.7618161208267974E-006   1.4873209651721716E-006   1.0785994241379088E-007   9.2535613318068228E-005
   1.6651279329947799E-008   2.0071724827014963E-007   1.7612318489554592E-006   1.4883220437302108E-006   1.0804038717738508E-007   9.2522724519647232E-005
   1.6766484372226622E-008   2.0618029360187132E-007   1.7605950618676418E-006   1.4893274072627567E-006   1.0822112271520325E-007   9.2509836846455486E-005
   1.6881879831606826E-008   2.1192622303759418E-007   1.7599063809242209E-006   1.4903367728509174E-006   1.0840213398904623E-007   9.2496950325803961E-005
   1.6997481421039264E-008   2.1794718299864016E-007   1.7591664764054698E-006   1.4913498552511810E-006   1.0858340577962996E-007   9.2484064984983219E-005
   1.7113307962532432E-008   2.2423105734275184E-007   1.7583760665300056E-006   1.4923663669601483E-006   1.0876492268635942E-007   9.2471180851263438E-005
   1.7229381533510611E-008   2.3076054030405961E-007   1.7575359164101267E-006   1.4933860182813438E-006   1.0894666912716238E-007   9.2458297951894603E-005
   1.7345727536423501E-008   2.3751211078896867E-007   1.7566468369463320E-006   1.4944085173941114E-006   1.0912862933838351E-007   9.2445416314106452E-005
   1.7462374655741129E-008   2.4445493148037905E-007   1.7557096836639504E-006   1.4954335704245801E-006   1.0931078737474143E-007   9.2432535965108814E-005
   1.7579354658809949E-008   2.5154971482247166E-007   1.7547253554949291E-006   1.4964608815186294E-006   1.0949312710934952E-007   9.2419656932091540E-005
   1.7696701990427827E-008   2.5874762206835615E-007   1.7536947935079384E-006   1.4974901529167142E-006   1.0967563223380254E-007   9.2406779242224711E-005
   1.7814453107209353E-008   2.6598929076453573E-007   1.7526189795900504E-006   1.4985210850303073E-006   1.0985828625833064E-007   9.2393902922658836E-005
   1.7932645499373990E-008   2.7320411850084533E-007   1.7514989350833287E-006   1.4995533765196150E-006   1.1004107251202216E-007   9.2381028000524868E-005
   1.8051316357635537E-008   2.8030996257484343E-007   1.7503357193797402E-006   1.5005867243720967E-006   1.1022397414311690E-007   9.2368154502934474E-005
   1.8170500864771078E-008   2.8721343986263119E-007   1.7491304284778547E-006   1.5016208239812877E-006   1.1040697411937181E-007   9.2355282456980134E-005
   1.8290230127967690E-008   2.9381101934091641E-007   1.7478841935048407E-006   1.5026553692254779E-006   1.1059005522850051E-007   9.2342411889735255E-005
   1.8410528820030957E-008   2.9999108008472921E-007   1.7465981792072975E-006   1.5036900525460976E-006   1.1077320007868845E-007   9.2329542828254341E-005
   1.8531412662244545E-008   3.0563704913658122E-007   1.7452735824144737E-006   1.5047245650261452E-006   1.1095639109918566E-007   9.2316675299572990E-005
   1.8652885951211394E-008   3.1063162947340137E-007   1.7439116304774333E-006   1.5057585964697007E-006   1.1113961054097876E-007   9.2303809330707772E-005
   1.8774939392774685E-008   3.1486198055677332E-007   1.7425135796877097E-006   1.5067918354841736E-006   1.1132284047754463E-007   9.2290944948656269E-005
   1.8897548540172465E-008   3.1822553849424396E-007   1.7410807136789585E-006   1.5078239695672347E-006   1.1150606280568708E-007   9.2278082180396724E-005
   1.9020673122726038E-008   3.2063599080509312E-007   1.7396143418150899E-006   1.5088546852000039E-006   1.1168925924645954E-007   9.2265221052887731E-005
   1.9144257483526090E-008   3.2202879454980411E-007   1.7381157975682943E-006   1.5098836679471159E-006   1.1187241134617467E-007   9.2252361593067646E-005
   1.9268232220577308E-008   3.2236558899947387E-007   1.7365864368903072E-006   1.5109106025629852E-006   1.1205550047750418E-007   9.2239503827854080E-005
   1.9392516963332280E-008   3.2163693319977384E-007   1.7350276365801854E-006   1.5119351731025563E-006   1.1223850784066991E-007   9.2226647784143188E-005
   1.9517024048031658E-008   3.1986299428134762E-007   1.7334407926517619E-006   1.5129570630343899E-006   1.1242141446472852E-007   9.2213793488808859E-005
   1.9641662719625632E-008   3.1709208996872881E-007   1.7318273187038643E-006   1.5139759553542139E-006   1.1260420120895130E-007   9.2200940968701996E-005
   1.9766343417867601E-008   3.1339728819575243E-007   1.7301886442962594E-006   1.5149915326977939E-006   1.1278684876430063E-007   9.2188090250649855E-005
   1.9890981715526053E-008   3.0887152061545064E-007   1.7285262133341898E-006   1.5160034774527834E-006   1.1296933765500456E-007   9.2175241361455335E-005
   2.0015501560431890E-008   3.0362182252012911E-007   1.7268414824642423E-006   1.5170114718698260E-006   1.1315164824023089E-007   9.2162394327896565E-005
   2.0139837604743776E-008   2.9776334704047791E-007   1.7251359194841871E-006   1.5180151981735062E-006   1.1333376071586165E-007   9.2149549176726421E-005
   2.0263936550483660E-008   2.9141372752187733E-007   1.7234110017692900E-006   1.5190143386737792E-006   1.1351565511636904E-007   9.2136705934672440E-005
   2.0387757569114392E-008   2.8468821393979578E-007   1.7216682147174899E-006   1.5200085758784430E-006   1.1369731131679463E-007   9.2123864628436636E-005
   2.0511271944625815E-008   2.7769583142150373E-007   1.7199090502156978E-006   1.5209975926070201E-006   1.1387870903483168E-007   9.2111025284695574E-005
   2.0634462137542540E-008   2.7053664062231344E-007   1.7181350051293535E-006   1.5219810721062827E-006   1.1405982783301288E-007   9.2098187930100448E-005
   2.0757320475829746E-008   2.6330004661800328E-007   1.7163475798172268E-006   1.5229586981675012E-006   1.1424064712100391E-007   9.2085352591277230E-005
   2.0879847658621920E-008   2.5606401563723113E-007   1.7145482766733320E-006   1.5239301552454246E-006   1.1442114615800415E-007   9.2072519294826861E-005
   2.1002051222487122E-008   2.4889501565423627E-007   1.7127385986976652E-006   1.5248951285789391E-006   1.1460130405525557E-007   9.2059688067325414E-005
   2.1123944078381117E-008   2.4184848863627620E-007   1.7109200480973500E-006   1.5258533043133114E-006   1.1478109977866115E-007   9.2046858935324266E-005
   2.1245543188153335E-008   2.3496967760086896E-007   1.7090941249196183E-006   1.5268043696239221E-006   1.1496051215151333E-007   9.2034031925350147E-005
   2.1366868416696492E-008   2.2829465983464673E-007   1.7072623257179288E-006   1.5277480128413751E-006   1.1513951985733405E-007   9.2021207063905280E-005
   2.1487941571129982E-008   2.2185147030854867E-007   1.7054261422523681E-006   1.5286839235778813E-006   1.1531810144282676E-007   9.2008384377467318E-005
   2.1608785621522177E-008   2.1566123094917657E-007   1.7035870602253552E-006   1.5296117928548105E-006   1.1549623532094140E-007   9.1995563892489332E-005
   2.1729424087380341E-008   2.0973922892171399E-007   1.7017465580535169E-006   1.5305313132313029E-006   1.1567389977405293E-007   9.1982745635399698E-005
   2.1849880568921420E-008   2.0409590921177024E-007   1.6999061056764901E-006   1.5314421789338489E-006   1.1585107295725363E-007   9.1969929632602004E-005
   2.1970178400480206E-008   1.9873776351162365E-007   1.6980671634032513E-006   1.5323440859867318E-006   1.1602773290175990E-007   9.1957115910474822E-005
   2.2090340404045043E-008   1.9366810931902989E-007   1.6962311807964674E-006   1.5332367323432396E-006   1.1620385751843324E-007   9.1944304495371475E-005
   2.2210388722862526E-008   1.8888776111341051E-007   1.6943995955952326E-006   1.5341198180175452E-006   1.1637942460141550E-007   9.1931495413619929E-005
   2.2330344717630085E-008   1.8439560039079973E-007   1.6925738326764408E-006   1.5349930452171642E-006   1.1655441183187819E-007   9.1918688691522332E-005
   2.2450228910544175E-008   1.8018905403258666E-007   1.6907553030549182E-006   1.5358561184758852E-006   1.1672879678188493E-007   9.1905884355354933E-005
   2.2570060965114471E-008   1.7626449162994915E-007   1.6889454029223655E-006   1.5367087447870757E-006   1.1690255691836682E-007   9.1893082431367622E-005
   2.2689859692042843E-008   1.7261755251215562E-007   1.6871455127250177E-006   1.5375506337372667E-006   1.1707566960720909E-007   9.1880282945783741E-005
   2.2809643073534847E-008   1.6924341272280703E-007   1.6853569962798655E-006   1.5383814976399051E-006   1.1724811211744832E-007   9.1867485924799754E-005
   2.2929428300150635E-008   1.6613700133081396E-007   1.6835811999291695E-006   1.5392010516691822E-006   1.1741986162557826E-007   9.1854691394584873E-005
   2.3049231815730095E-008   1.6329317444131372E-007   1.6818194517329347E-006   1.5400090139938194E-006   1.1759089521996272E-007   9.1841899381280839E-005
   2.3169069367077976E-008   1.6070685420867012E-007   1.6800730606989099E-006   1.5408051059107134E-006   1.1776118990535358E-007   9.1829109911001515E-005
   2.3288956056009180E-008   1.5837313912452394E-007   1.6783433160496178E-006   1.5415890519783262E-006   1.1793072260751160E-007   9.1816323009832643E-005
   2.3408906392071697E-008   1.5628739090095150E-007   1.6766314865258516E-006   1.5423605801497103E-006   1.1809947017792781E-007   9.1803538703831531E-005
   2.3528934344821750E-008   1.5444530241238928E-007   1.6749388197259887E-006   1.5431194219050595E-006   1.1826740939864299E-007   9.1790757019026662E-005
   2.3649053394955534E-008   1.5284295040608106E-007   1.6732665414804322E-006   1.5438653123836641E-006   1.1843451698716278E-007   9.1777977981417555E-005
   2.3769276583931168E-008   1.5147683603660573E-007   1.6716158552604106E-006   1.5445979905151613E-006   1.1860076960146597E-007   9.1765201616974282E-005
   2.3889616561966690E-008   1.5034391571774059E-007   1.6699879416202993E-006   1.5453171991499637E-006   1.1876614384510369E-007   9.1752427951637355E-005
   2.4010085634493996E-008   1.4944162430411451E-007   1.6683839576725720E-006   1.5460226851887398E-006   1.1893061627238699E-007   9.1739657011317283E-005
   2.4130695807298756E-008   1.4876789220440120E-007   1.6668050365943860E-006   1.5467141997108422E-006   1.1909416339366181E-007   9.1726888821894430E-005
   2.4251458830696117E-008   1.4832115767567441E-007   1.6652522871647441E-006   1.5473914981015504E-006   1.1925676168066872E-007   9.1714123409218618E-005
   2.4372386243189818E-008   1.4810037524387325E-007   1.6637267933310418E-006   1.5480543401780135E-006   1.1941838757198784E-007   9.1701360799108941E-005
   2.4493489415146964E-008   1.4810502092757986E-007   1.6622296138037060E-006   1.5487024903137764E-006   1.1957901747856766E-007   9.1688601017353555E-005
   2.4614779593097692E-008   1.4833509470158985E-007   1.6607617816774705E-006   1.5493357175617599E-006   1.1973862778933871E-007   9.1675844089709254E-005
   2.4736267945343697E-008   1.4879112041370729E-007   1.6593243040776958E-006   1.5499537957755842E-006   1.1989719487691354E-007   9.1663090041901445E-005
   2.4857965609635694E-008   1.4947414315383012E-007   1.6579181618299760E-006   1.5505565037291070E-006   1.2005469510337431E-007   9.1650338899623715E-005
   2.4979883743760667E-008   1.5038572385991574E-007   1.6565443091511700E-006   1.5511436252340625E-006   1.2021110482615236E-007   9.1637590688537746E-005
   2.5102033579967581E-008   1.5152793072198859E-007   1.6552036733599275E-006   1.5517149492556820E-006   1.2036640040400192E-007   9.1624845434273006E-005
   2.5224426484256275E-008   1.5290332670390269E-007   1.6538971546048730E-006   1.5522702700261713E-006   1.2052055820307433E-007   9.1612103162426630E-005
   2.5347074021659813E-008   1.5451495223360741E-007   1.6526256256088582E-006   1.5528093871559411E-006   1.2067355460309636E-007   9.1599363898563167E-005
