  -1.9503057687997514E-004  -3.9175671777125358E-007  -3.3932327237437383E-006  -3.0543387329067230E-006  -2.0026029214260530E-007  -1.8799365607861094E-004
  -1.9501742605915453E-004  -3.8834961819972788E-007  -3.3950758467416656E-006  -3.0548311984674761E-006  -2.0015014475160745E-007  -1.8798168591428597E-004
  -1.9500452398719026E-004  -3.8521031943757736E-007  -3.3969229762892342E-006  -3.0553066575871159E-006  -2.0004103081577313E-007  -1.8796970848921032E-004
  -1.9499186398444818E-004  -3.8233372673620792E-007  -3.3987726627308532E-006  -3.0557649395918135E-006  -1.9993295336083814E-007  -1.8795772383448770E-004
  -1.9497943940960066E-004  -3.7971478929864456E-007  -3.4006234449631527E-006  -3.0562058797790843E-006  -1.9982591534799688E-007  -1.8794573198128924E-004
  -1.9496724377504455E-004  -3.7734861451922980E-007  -3.4024738515372588E-006  -3.0566293195057022E-006  -1.9971991967506624E-007  -1.8793373296085915E-004
  -1.9495527083827300E-004  -3.7523055813969079E-007  -3.4043224017990977E-006  -3.0570351062726906E-006  -1.9961496917762789E-007  -1.8792172680452034E-004
  -1.9494351467376118E-004  -3.7335629488517543E-007  -3.4061676070672430E-006  -3.0574230938073198E-006  -1.9951106663014565E-007  -1.8790971354367902E-004
  -1.9493196972916781E-004  -3.7172187338011717E-007  -3.4080079718477246E-006  -3.0577931421420234E-006  -1.9940821474705936E-007  -1.8789769320982954E-004
  -1.9492063086898564E-004  -3.7032375847923237E-007  -3.4098419950850615E-006  -3.0581451176901549E-006  -1.9930641618385183E-007  -1.8788566583455849E-004
  -1.9490949340820256E-004  -3.6915886357660562E-007  -3.4116681714486955E-006  -3.0584788933185111E-006  -1.9920567353809046E-007  -1.8787363144954832E-004
  -1.9489855313804632E-004  -3.6822457496577465E-007  -3.4134849926538131E-006  -3.0587943484165523E-006  -1.9910598935044034E-007  -1.8786159008658070E-004
  -1.9488780634546472E-004  -3.6751876990484123E-007  -3.4152909488154690E-006  -3.0590913689622342E-006  -1.9900736610565059E-007  -1.8784954177753930E-004
  -1.9487724982763529E-004  -3.6703982968148242E-007  -3.4170845298347442E-006  -3.0593698475843988E-006  -1.9890980623351220E-007  -1.8783748655441202E-004
  -1.9486688090248748E-004  -3.6678664866223014E-007  -3.4188642268155674E-006  -3.0596296836216516E-006  -1.9881331210978766E-007  -1.8782542444929307E-004
  -1.9485669741594710E-004  -3.6675864003797055E-007  -3.4206285335106702E-006  -3.0598707831776564E-006  -1.9871788605711424E-007  -1.8781335549438385E-004
  -1.9484669774637000E-004  -3.6695573873335752E-007  -3.4223759477950261E-006  -3.0600930591728011E-006  -1.9862353034587935E-007  -1.8780127972199424E-004
  -1.9483688080640442E-004  -3.6737840172236544E-007  -3.4241049731649801E-006  -3.0602964313921712E-006  -1.9853024719507160E-007  -1.8778919716454242E-004
  -1.9482724604230709E-004  -3.6802760577655376E-007  -3.4258141202611405E-006  -3.0604808265297821E-006  -1.9843803877310746E-007  -1.8777710785455474E-004
  -1.9481779343052339E-004  -3.6890484245804521E-007  -3.4275019084129802E-006  -3.0606461782290186E-006  -1.9834690719863669E-007  -1.8776501182466492E-004
  -1.9480852347111783E-004  -3.7001210994701951E-007  -3.4291668672029566E-006  -3.0607924271192408E-006  -1.9825685454132801E-007  -1.8775290910761204E-004
  -1.9479943717740536E-004  -3.7135190105480283E-007  -3.4308075380478284E-006  -3.0609195208485130E-006  -1.9816788282263877E-007  -1.8774079973623938E-004
  -1.9479053606086632E-004  -3.7292718650913626E-007  -3.4324224757947399E-006  -3.0610274141124264E-006  -1.9807999401656989E-007  -1.8772868374349112E-004
  -1.9478182211012915E-004  -3.7474139229814030E-007  -3.4340102503294930E-006  -3.0611160686789588E-006  -1.9799319005041211E-007  -1.8771656116240958E-004
  -1.9477329776245955E-004  -3.7679836951348196E-007  -3.4355694481943592E-006  -3.0611854534093800E-006  -1.9790747280548391E-007  -1.8770443202613141E-004
  -1.9476496586578982E-004  -3.7910235473029531E-007  -3.4370986742126016E-006  -3.0612355442751305E-006  -1.9782284411786683E-007  -1.8769229636788349E-004
  -1.9475682962885238E-004  -3.8165791849015833E-007  -3.4385965531168644E-006  -3.0612663243706951E-006  -1.9773930577914121E-007  -1.8768015422097821E-004
  -1.9474889255642944E-004  -3.8446989890257920E-007  -3.4400617311783958E-006  -3.0612777839224170E-006  -1.9765685953712506E-007  -1.8766800561880815E-004
  -1.9474115836609182E-004  -3.8754331673966660E-007  -3.4414928778340461E-006  -3.0612699202932546E-006  -1.9757550709662098E-007  -1.8765585059484080E-004
  -1.9473363088205747E-004  -3.9088326766004710E-007  -3.4428886873078696E-006  -3.0612427379834691E-006  -1.9749525012017303E-007  -1.8764368918261184E-004
  -1.9472631390096587E-004  -3.9449478635853600E-007  -3.4442478802240885E-006  -3.0611962486272181E-006  -1.9741609022883663E-007  -1.8763152141571909E-004
  -1.9471921102342374E-004  -3.9838267650283938E-007  -3.4455692052081102E-006  -3.0611304709850697E-006  -1.9733802900296437E-007  -1.8761934732781493E-004
  -1.9471232544417027E-004  -4.0255129930660143E-007  -3.4468514404722497E-006  -3.0610454309324201E-006  -1.9726106798300883E-007  -1.8760716695259908E-004
  -1.9470565969265767E-004  -4.0700431253958535E-007  -3.4480933953827246E-006  -3.0609411614438130E-006  -1.9718520867034364E-007  -1.8759498032381008E-004
  -1.9469921531483278E-004  -4.1174435076254581E-007  -3.4492939120044995E-006  -3.0608177025731805E-006  -1.9711045252810315E-007  -1.8758278747521697E-004
  -1.9469299248604208E-004  -4.1677263671395494E-007  -3.4504518666205003E-006  -3.0606751014299852E-006  -1.9703680098204032E-007  -1.8757058844060944E-004
  -1.9468698954445895E-004  -4.2208851324933923E-007  -3.4515661712217328E-006  -3.0605134121513039E-006  -1.9696425542140049E-007  -1.8755838325378808E-004
  -1.9468120243450366E-004  -4.2768888530796055E-007  -3.4526357749648118E-006  -3.0603326958698345E-006  -1.9689281719980984E-007  -1.8754617194855332E-004
  -1.9467562405077753E-004  -4.3356756243167116E-007  -3.4536596655934556E-006  -3.0601330206778589E-006  -1.9682248763617374E-007  -1.8753395455869322E-004
  -1.9467024347556727E-004  -4.3971449489472033E-007  -3.4546368708204828E-006  -3.0599144615871674E-006  -1.9675326801558078E-007  -1.8752173111797075E-004
  -1.9466504510764611E-004  -4.4611490117525742E-007  -3.4555664596669499E-006  -3.0596771004849709E-006  -1.9668515959020807E-007  -1.8750950166010946E-004
  -1.9466000768770275E-004  -4.5274829210289155E-007  -3.4564475437550581E-006  -3.0594210260858122E-006  -1.9661816358021958E-007  -1.8749726621877796E-004
  -1.9465510323714926E-004  -4.5958740843725399E-007  -3.4572792785515615E-006  -3.0591463338794890E-006  -1.9655228117465204E-007  -1.8748502482757309E-004
  -1.9465029594315606E-004  -4.6659710472986895E-007  -3.4580608645584885E-006  -3.0588531260750222E-006  -1.9648751353227890E-007  -1.8747277752000178E-004
  -1.9464554104415001E-004  -4.7373323370909095E-007  -3.4587915484480627E-006  -3.0585415115406657E-006  -1.9642386178244595E-007  -1.8746052432946209E-004
  -1.9464078379669524E-004  -4.8094161211353268E-007  -3.4594706241388209E-006  -3.0582116057399716E-006  -1.9636132702586687E-007  -1.8744826528922307E-004
  -1.9463595863555353E-004  -4.8815717977442341E-007  -3.4600974338100642E-006  -3.0578635306639083E-006  -1.9629991033537234E-007  -1.8743600043240536E-004
  -1.9463098867092461E-004  -4.9530349595449117E-007  -3.4606713688518620E-006  -3.0574974147590323E-006  -1.9623961275660147E-007  -1.8742372979196179E-004
  -1.9462578569517914E-004  -5.0229274525972633E-007  -3.4611918707480088E-006  -3.0571133928516791E-006  -1.9618043530862748E-007  -1.8741145340066146E-004
  -1.9462025088784308E-004  -5.0902644189140149E-007  -3.4616584318894857E-006  -3.0567116060681559E-006  -1.9612237898450887E-007  -1.8739917129107636E-004
  -1.9461427640183075E-004  -5.1539701523875312E-007  -3.4620705963161211E-006  -3.0562922017509043E-006  -1.9606544475175924E-007  -1.8738688349557496E-004
  -1.9460774797468229E-004  -5.2129042057480743E-007  -3.4624279603843944E-006  -3.0558553333705904E-006  -1.9600963355273049E-007  -1.8737459004632202E-004
  -1.9460054862676803E-004  -5.2658983682026326E-007  -3.4627301733595045E-006  -3.0554011604341238E-006  -1.9595494630490772E-007  -1.8736229097528897E-004
  -1.9459256338162157E-004  -5.3118038653896314E-007  -3.4629769379301110E-006  -3.0549298483886204E-006  -1.9590138390111795E-007  -1.8734998631427329E-004
  -1.9458368478083676E-004  -5.3495465059807238E-007  -3.4631680106444467E-006  -3.0544415685213894E-006  -1.9584894720966065E-007  -1.8733767609492873E-004
  -1.9457381879107164E-004  -5.3781857503128326E-007  -3.4633032022668280E-006  -3.0539364978561320E-006  -1.9579763707437513E-007  -1.8732536034880376E-004
  -1.9456289055088649E-004  -5.3969721782371716E-007  -3.4633823780539471E-006  -3.0534148190456139E-006  -1.9574745431466492E-007  -1.8731303910738675E-004
  -1.9455084932358115E-004  -5.4053970177264945E-007  -3.4634054579506991E-006  -3.0528767202612490E-006  -1.9569839972550855E-007  -1.8730071240215241E-004
  -1.9453767204474572E-004  -5.4032276212699483E-007  -3.4633724167056679E-006  -3.0523223950801128E-006  -1.9565047407748835E-007  -1.8728838026460548E-004
  -1.9452336499361760E-004  -5.3905241808622566E-007  -3.4632832839067000E-006  -3.0517520423700615E-006  -1.9560367811687091E-007  -1.8727604272631641E-004
  -1.9450796335745838E-004  -5.3676353736431921E-007  -3.4631381439372863E-006  -3.0511658661736991E-006  -1.9555801256577272E-007  -1.8726369981894497E-004
  -1.9449152874961194E-004  -5.3351735447573077E-007  -3.4629371358546652E-006  -3.0505640755919895E-006  -1.9551347812243414E-007  -1.8725135157424876E-004
  -1.9447414501971865E-004  -5.2939728121655461E-007  -3.4626804531906930E-006  -3.0499468846683001E-006  -1.9547007546161712E-007  -1.8723899802407736E-004
  -1.9445591289822000E-004  -5.2450355148253454E-007  -3.4623683436765855E-006  -3.0493145122736576E-006  -1.9542780523512420E-007  -1.8722663920035196E-004
  -1.9443694410977653E-004  -5.1894733505174884E-007  -3.4620011088926730E-006  -3.0486671819938894E-006  -1.9538666807242427E-007  -1.8721427513503504E-004
  -1.9441735556698444E-004  -5.1284493172897130E-007  -3.4615791038442819E-006  -3.0480051220192611E-006  -1.9534666458135212E-007  -1.8720190586009365E-004
  -1.9439726414122055E-004  -5.0631254269002872E-007  -3.4611027364648461E-006  -3.0473285650370909E-006  -1.9530779534883963E-007  -1.8718953140746053E-004
  -1.9437678234224747E-004  -4.9946195066663270E-007  -3.4605724670473421E-006  -3.0466377481277104E-006  -1.9527006094163078E-007  -1.8717715180899719E-004
  -1.9435601506445944E-004  -4.9239726685847305E-007  -3.4599888076052034E-006  -3.0459329126640106E-006  -1.9523346190693254E-007  -1.8716476709646174E-004
  -1.9433505740760234E-004  -4.8521275241086447E-007  -3.4593523211639153E-006  -3.0452143042146041E-006  -1.9519799877296570E-007  -1.8715237730148289E-004
  -1.9431399347106054E-004  -4.7799161355078919E-007  -3.4586636209847501E-006  -3.0444821724504864E-006  -1.9516367204938995E-007  -1.8713998245554220E-004
  -1.9429289595718563E-004  -4.7080560585957778E-007  -3.4579233697222692E-006  -3.0437367710547758E-006  -1.9513048222759871E-007  -1.8712758258996185E-004
  -1.9427182639490242E-004  -4.6371525891369341E-007  -3.4571322785176738E-006  -3.0429783576348530E-006  -1.9509842978089252E-007  -1.8711517773590110E-004
  -1.9425083579949779E-004  -4.5677053720028207E-007  -3.4562911060303060E-006  -3.0422071936358528E-006  -1.9506751516455550E-007  -1.8710276792435597E-004
  -1.9422996560693499E-004  -4.5001177564620119E-007  -3.4554006574098235E-006  -3.0414235442540778E-006  -1.9503773881586579E-007  -1.8709035318616467E-004
  -1.9420924875174087E-004  -4.4347075880493513E-007  -3.4544617832113971E-006  -3.0406276783485600E-006  -1.9500910115407394E-007  -1.8707793355201587E-004
  -1.9418871078966010E-004  -4.3717184489120906E-007  -3.4534753782555959E-006  -3.0398198683486876E-006  -1.9498160258037893E-007  -1.8706550905245846E-004
  -1.9416837099566471E-004  -4.3113306524398326E-007  -3.4524423804333863E-006  -3.0390003901556893E-006  -1.9495524347792672E-007  -1.8705307971791287E-004
  -1.9414824339248371E-004  -4.2536715437282717E-007  -3.4513637694550713E-006  -3.0381695230358202E-006  -1.9493002421184603E-007  -1.8704064557868307E-004
  -1.9412833768399712E-004  -4.1988248492006427E-007  -3.4502405655405130E-006  -3.0373275495035082E-006  -1.9490594512932991E-007  -1.8702820666496799E-004
  -1.9410866008192954E-004  -4.1468389596113474E-007  -3.4490738280473060E-006  -3.0364747551933608E-006  -1.9488300655976342E-007  -1.8701576300687314E-004
  -1.9408921402403202E-004  -4.0977341281799701E-007  -3.4478646540343128E-006  -3.0356114287207634E-006  -1.9486120881489363E-007  -1.8700331463442112E-004
  -1.9407000078824153E-004  -4.0515086286543538E-007  -3.4466141767604339E-006  -3.0347378615318545E-006  -1.9484055218903402E-007  -1.8699086157756173E-004
  -1.9405102001101868E-004  -4.0081439552447868E-007  -3.4453235641220907E-006  -3.0338543477444644E-006  -1.9482103695929554E-007  -1.8697840386618103E-004
  -1.9403227011992197E-004  -3.9676091649901115E-007  -3.4439940170369211E-006  -3.0329611839823964E-006  -1.9480266338583409E-007  -1.8696594153010964E-004
  -1.9401374869107378E-004  -3.9298644691321862E-007  -3.4426267677843052E-006  -3.0320586692057300E-006  -1.9478543171210709E-007  -1.8695347459913032E-004
  -1.9399545274196398E-004  -3.8948641779918056E-007  -3.4412230783149343E-006  -3.0311471045399512E-006  -1.9476934216513152E-007  -1.8694100310298489E-004
  -1.9397737896934632E-004  -3.8625590969364942E-007  -3.4397842385414492E-006  -3.0302267931064165E-006  -1.9475439495573779E-007  -1.8692852707138027E-004
  -1.9395952394104125E-004  -3.8328984616014646E-007  -3.4383115646205852E-006  -3.0292980398562615E-006  -1.9474059027881482E-007  -1.8691604653399351E-004
  -1.9394188424942015E-004  -3.8058314901061446E-007  -3.4368063972350170E-006  -3.0283611514092930E-006  -1.9472792831354298E-007  -1.8690356152047750E-004
  -1.9392445663330311E-004  -3.7813086195777230E-007  -3.4352700998807402E-006  -3.0274164358988430E-006  -1.9471640922361303E-007  -1.8689107206046503E-004
  -1.9390723807401983E-004  -3.7592824844303360E-007  -3.4337040571639708E-006  -3.0264642028230777E-006  -1.9470603315742863E-007  -1.8687857818357279E-004
  -1.9389022587048478E-004  -3.7397086848596576E-007  -3.4321096731101668E-006  -3.0255047629028187E-006  -1.9469680024829328E-007  -1.8686607991940526E-004
  -1.9387341769733801E-004  -3.7225463860231666E-007  -3.4304883694869953E-006  -3.0245384279456455E-006  -1.9468871061457919E-007  -1.8685357729755791E-004
  -1.9385681164950719E-004  -3.7077587813970603E-007  -3.4288415841427087E-006  -3.0235655107158243E-006  -1.9468176435988025E-007  -1.8684107034762056E-004
  -1.9384040627594109E-004  -3.6953134477753946E-007  -3.4271707693612466E-006  -3.0225863248095081E-006  -1.9467596157314731E-007  -1.8682855909917965E-004
  -1.9382420060475012E-004  -3.6851826142121626E-007  -3.4254773902354485E-006  -3.0216011845345715E-006  -1.9467130232880768E-007  -1.8681604358182177E-004
  -1.9380819416154541E-004  -3.6773433627926605E-007  -3.4237629230597569E-006  -3.0206104047944762E-006  -1.9466778668686852E-007  -1.8680352382513565E-004
  -1.9379238698239112E-004  -3.6717777753420723E-007  -3.4220288537439469E-006  -3.0196143009755775E-006  -1.9466541469300493E-007  -1.8679099985871464E-004
  -1.9377677962245733E-004  -3.6684730369235599E-007  -3.4202766762493612E-006  -3.0186131888373253E-006  -1.9466418637863258E-007  -1.8677847171215883E-004
  -1.9376137316117864E-004  -3.6674215041381014E-007  -3.4185078910492273E-006  -3.0176073844049311E-006  -1.9466410176096643E-007  -1.8676593941507761E-004
  -1.9374616920446780E-004  -3.6686207437121478E-007  -3.4167240036145501E-006  -3.0165972038640746E-006  -1.9466516084306510E-007  -1.8675340299709135E-004
  -1.9373116988430470E-004  -3.6720735445519429E-007  -3.4149265229270822E-006  -3.0155829634573632E-006  -1.9466736361386182E-007  -1.8674086248783359E-004
  -1.9371637785580321E-004  -3.6777879042639150E-007  -3.4131169600207740E-006  -3.0145649793822880E-006  -1.9467071004818179E-007  -1.8672831791695293E-004
  -1.9370179629164233E-004  -3.6857769890014546E-007  -3.4112968265530748E-006  -3.0135435676904782E-006  -1.9467520010674727E-007  -1.8671576931411499E-004
  -1.9368742887353126E-004  -3.6960590633125337E-007  -3.4094676334073262E-006  -3.0125190441881455E-006  -1.9468083373616962E-007  -1.8670321670900426E-004
  -1.9367327978014488E-004  -3.7086573843422168E-007  -3.4076308893274557E-006  -3.0114917243376188E-006  -1.9468761086892943E-007  -1.8669066013132584E-004
  -1.9365935367071158E-004  -3.7236000521978604E-007  -3.4057880995860246E-006  -3.0104619231599260E-006  -1.9469553142334464E-007  -1.8667809961080744E-004
  -1.9364565566314855E-004  -3.7409198054170639E-007  -3.4039407646866259E-006  -3.0094299551384072E-006  -1.9470459530352699E-007  -1.8666553517720098E-004
  -1.9363219130531006E-004  -3.7606537471871699E-007  -3.4020903791015101E-006  -3.0083961341233750E-006  -1.9471480239932672E-007  -1.8665296686028442E-004
  -1.9361896653753306E-004  -3.7828429841427232E-007  -3.4002384300451908E-006  -3.0073607732378465E-006  -1.9472615258626640E-007  -1.8664039468986360E-004
  -1.9360598764421531E-004  -3.8075321551006157E-007  -3.3983863962847015E-006  -3.0063241847843762E-006  -1.9473864572546354E-007  -1.8662781869577353E-004
  -1.9359326119164157E-004  -3.8347688218681694E-007  -3.3965357469870609E-006  -3.0052866801530608E-006  -1.9475228166354219E-007  -1.8661523890788054E-004
  -1.9358079394866224E-004  -3.8646026881686830E-007  -3.3946879406043594E-006  -3.0042485697307542E-006  -1.9476706023253404E-007  -1.8660265535608343E-004
  -1.9356859278612431E-004  -3.8970846056827190E-007  -3.3928444237968177E-006  -3.0032101628115585E-006  -1.9478298124976915E-007  -1.8659006807031532E-004
  -1.9355666455014996E-004  -3.9322653181505438E-007  -3.3910066303940375E-006  -3.0021717675086399E-006  -1.9480004451775603E-007  -1.8657747708054472E-004
  -1.9354501590345362E-004  -3.9701938854406239E-007  -3.3891759803945452E-006  -3.0011336906674412E-006  -1.9481824982405193E-007  -1.8656488241677703E-004
  -1.9353365312789803E-004  -4.0109157195961128E-007  -3.3873538790036605E-006  -3.0000962377803292E-006  -1.9483759694112333E-007  -1.8655228410905517E-004
  -1.9352258188044870E-004  -4.0544701544446237E-007  -3.3855417157095797E-006  -2.9990597129027336E-006  -1.9485808562619669E-007  -1.8653968218746065E-004
  -1.9351180689364838E-004  -4.1008874599923475E-007  -3.3837408633975189E-006  -2.9980244185708314E-006  -1.9487971562110010E-007  -1.8652707668211367E-004
  -1.9350133161080363E-004  -4.1501852035226189E-007  -3.3819526775016080E-006  -2.9969906557208046E-006  -1.9490248665209591E-007  -1.8651446762317308E-004
  -1.9349115774540846E-004  -4.2023638526524458E-007  -3.3801784951942097E-006  -2.9959587236097215E-006  -1.9492639842970465E-007  -1.8650185504083574E-004
  -1.9348128475416140E-004  -4.2574015139144698E-007  -3.3784196346121846E-006  -2.9949289197380714E-006  -1.9495145064852112E-007  -1.8648923896533493E-004
  -1.9347170921359783E-004  -4.3152477070824695E-007  -3.3766773941196054E-006  -2.9939015397739882E-006  -1.9497764298702233E-007  -1.8647661942693803E-004
  -1.9346242409231765E-004  -4.3758160950500670E-007  -3.3749530516063201E-006  -2.9928768774791907E-006  -1.9500497510736850E-007  -1.8646399645594295E-004
  -1.9345341791464544E-004  -4.4389761276405883E-007  -3.3732478638217001E-006  -2.9918552246366591E-006  -1.9503344665519740E-007  -1.8645137008267335E-004
  -1.9344467381806393E-004  -4.5045436227607849E-007  -3.3715630657428731E-006  -2.9908368709800895E-006  -1.9506305725941186E-007  -1.8643874033747232E-004
  -1.9343616851677381E-004  -4.5722704084457855E-007  -3.3698998699766463E-006  -2.9898221041251431E-006  -1.9509380653196218E-007  -1.8642610725069439E-004
  -1.9342787119814539E-004  -4.6418332934565755E-007  -3.3682594661943468E-006  -2.9888112095025146E-006  -1.9512569406762221E-007  -1.8641347085269545E-004
  -1.9341974239836632E-004  -4.7128228294959375E-007  -3.3666430205986722E-006  -2.9878044702928603E-006  -1.9515871944376058E-007  -1.8640083117382115E-004
  -1.9341173292852573E-004  -4.7847325774629450E-007  -3.3650516754217274E-006  -2.9868021673636027E-006  -1.9519288222010568E-007  -1.8638818824439325E-004
  -1.9340378295204465E-004  -4.8569498868750794E-007  -3.3634865484532930E-006  -2.9858045792076603E-006  -1.9522818193850377E-007  -1.8637554209469429E-004
  -1.9339582134658481E-004  -4.9287495198102441E-007  -3.3619487325984357E-006  -2.9848119818841164E-006  -1.9526461812267024E-007  -1.8636289275495170E-004
  -1.9338776551398269E-004  -4.9992917548768518E-007  -3.3604392954635028E-006  -2.9838246489608786E-006  -1.9530219027792897E-007  -1.8635024025532128E-004
  -1.9337952182334477E-004  -5.0676268226101395E-007  -3.3589592789695629E-006  -2.9828428514593334E-006  -1.9534089789093938E-007  -1.8633758462587258E-004
  -1.9337098687555811E-004  -5.1327075548920782E-007  -3.3575096989923506E-006  -2.9818668578010201E-006  -1.9538074042940518E-007  -1.8632492589657629E-004
  -1.9336204975090824E-004  -5.1934118653501815E-007  -3.3560915450277281E-006  -2.9808969337563033E-006  -1.9542171734175995E-007  -1.8631226409729698E-004
  -1.9335259533496743E-004  -5.2485760124095777E-007  -3.3547057798816920E-006  -2.9799333423950207E-006  -1.9546382805682423E-007  -1.8629959925779246E-004
  -1.9334250870613957E-004  -5.2970384788880625E-007  -3.3533533393839026E-006  -2.9789763440390206E-006  -1.9550707198342791E-007  -1.8628693140772178E-004
  -1.9333168041585493E-004  -5.3376927780721352E-007  -3.3520351321236810E-006  -2.9780261962164828E-006  -1.9555144850999175E-007  -1.8627426057666292E-004
  -1.9332001231800241E-004  -5.3695457521234129E-007  -3.3507520392073494E-006  -2.9770831536178826E-006  -1.9559695700406523E-007  -1.8626158679414161E-004
  -1.9330742344091724E-004  -5.3917762959600130E-007  -3.3495049140357508E-006  -2.9761474680534118E-006  -1.9564359681181916E-007  -1.8624891008966823E-004
  -1.9329385528553975E-004  -5.4037883426740632E-007  -3.3482945821007290E-006  -2.9752193884116808E-006  -1.9569136725749443E-007  -1.8623623049278268E-004
  -1.9327927591731520E-004  -5.4052517861045528E-007  -3.3471218407992935E-006  -2.9742991606195105E-006  -1.9574026764281351E-007  -1.8622354803310111E-004
  -1.9326368231983360E-004  -5.3961260204375048E-007  -3.3459874592642291E-006  -2.9733870276027074E-006  -1.9579029724636321E-007  -1.8621086274036157E-004
  -1.9324710068837980E-004  -5.3766628784610688E-007  -3.3448921782098966E-006  -2.9724832292476965E-006  -1.9584145532296058E-007  -1.8619817464446268E-004
  -1.9322958462245407E-004  -5.3473885590013658E-007  -3.3438367097920827E-006  -2.9715880023640352E-006  -1.9589374110301515E-007  -1.8618548377549070E-004
  -1.9321121146641623E-004  -5.3090670350545837E-007  -3.3428217374808055E-006  -2.9707015806478248E-006  -1.9594715379189997E-007  -1.8617279016373364E-004
  -1.9319207728219959E-004  -5.2626497820941043E-007  -3.3418479159451462E-006  -2.9698241946461432E-006  -1.9600169256934220E-007  -1.8616009383967986E-004
  -1.9317229107079992E-004  -5.2092179936728105E-007  -3.3409158709492345E-006  -2.9689560717226189E-006  -1.9605735658884170E-007  -1.8614739483400312E-004
  -1.9315196887410429E-004  -5.1499236000530165E-007  -3.3400261992586361E-006  -2.9680974360242845E-006  -1.9611414497712159E-007  -1.8613469317753633E-004
  -1.9313122830117921E-004  -5.0859345311608752E-007  -3.3391794685564517E-006  -2.9672485084498303E-006  -1.9617205683361368E-007  -1.8612198890123868E-004
  -1.9311018387023243E-004  -5.0183881361243127E-007  -3.3383762173684641E-006  -2.9664095066193489E-006  -1.9623109122997640E-007  -1.8610928203615734E-004
  -1.9308894338227270E-004  -4.9483549197114276E-007  -3.3376169549967277E-006  -2.9655806448456147E-006  -1.9629124720964395E-007  -1.8609657261339148E-004
  -1.9306760538152377E-004  -4.8768131463201997E-007  -3.3369021614609417E-006  -2.9647621341069045E-006  -1.9635252378740175E-007  -1.8608386066405725E-004
  -1.9304625763368351E-004  -4.8046336224623552E-007  -3.3362322874470105E-006  -2.9639541820213460E-006  -1.9641491994898271E-007  -1.8607114621925901E-004
  -1.9302497647431845E-004  -4.7325731806852544E-007  -3.3356077542621447E-006  -2.9631569928227156E-006  -1.9647843465067965E-007  -1.8605842931006575E-004
  -1.9300382684301023E-004  -4.6612750211018056E-007  -3.3350289537959036E-006  -2.9623707673376461E-006  -1.9654306681896629E-007  -1.8604570996749381E-004
  -1.9298286281495025E-004  -4.5912740274855283E-007  -3.3344962484865615E-006  -2.9615957029641514E-006  -1.9660881535011932E-007  -1.8603298822249554E-004
  -1.9296212845923714E-004  -4.5230053504712746E-007  -3.3340099712922069E-006  -2.9608319936513840E-006  -1.9667567910983355E-007  -1.8602026410595335E-004
  -1.9294165888193455E-004  -4.4568148384235625E-007  -3.3335704256660448E-006  -2.9600798298805655E-006  -1.9674365693282039E-007  -1.8600753764867677E-004
  -1.9292148134421409E-004  -4.3929702191948356E-007  -3.3331778855353577E-006  -2.9593393986469944E-006  -1.9681274762237952E-007  -1.8599480888140444E-004
  -1.9290161637657859E-004  -4.3316722427212844E-007  -3.3328325952836653E-006  -2.9586108834430856E-006  -1.9688294994993562E-007  -1.8598207783480667E-004
  -1.9288207883652174E-004  -4.2730652579931495E-007  -3.3325347697356287E-006  -2.9578944642423691E-006  -1.9695426265452962E-007  -1.8596934453949076E-004
  -1.9286287887800862E-004  -4.2172469082377963E-007  -3.3322845941443375E-006  -2.9571903174844005E-006  -1.9702668444225994E-007  -1.8595660902600663E-004
  -1.9284402281692631E-004  -4.1642767858010806E-007  -3.3320822241806087E-006  -2.9564986160605282E-006  -1.9710021398566790E-007  -1.8594387132485267E-004
  -1.9282551388779425E-004  -4.1141839996045905E-007  -3.3319277859240186E-006  -2.9558195293004804E-006  -1.9717484992306681E-007  -1.8593113146648187E-004
  -1.9280735289440204E-004  -4.0669736818690109E-007  -3.3318213758554238E-006  -2.9551532229597269E-006  -1.9725059085781665E-007  -1.8591838948130734E-004
  -1.9278953876155120E-004  -4.0226325058503236E-007  -3.3317630608507534E-006  -2.9544998592075759E-006  -1.9732743535754872E-007  -1.8590564539970760E-004
  -1.9277206899749090E-004  -3.9811333104911512E-007  -3.3317528781759440E-006  -2.9538595966159706E-006  -1.9740538195334780E-007  -1.8589289925203127E-004
  -1.9275494007760737E-004  -3.9424389375888535E-007  -3.3317908354828900E-006  -2.9532325901489632E-006  -1.9748442913889902E-007  -1.8588015106860077E-004
  -1.9273814775995065E-004  -3.9065053873098362E-007  -3.3318769108063679E-006  -2.9526189911527970E-006  -1.9756457536961024E-007  -1.8586740087971567E-004
  -1.9272168734262490E-004  -3.8732843923130634E-007  -3.3320110525619105E-006  -2.9520189473466098E-006  -1.9764581906171601E-007  -1.8585464871565544E-004
  -1.9270555387219243E-004  -3.8427255019853862E-007  -3.3321931795446777E-006  -2.9514326028136939E-006  -1.9772815859137350E-007  -1.8584189460668161E-004
  -1.9268974231122238E-004  -3.8147777580994664E-007  -3.3324231809293767E-006  -2.9508600979932736E-006  -1.9781159229375375E-007  -1.8582913858303899E-004
  -1.9267424767206758E-004  -3.7893910327217430E-007  -3.3327009162714036E-006  -2.9503015696727949E-006  -1.9789611846213484E-007  -1.8581638067495702E-004
  -1.9265906512294325E-004  -3.7665170891164179E-007  -3.3330262155093192E-006  -2.9497571509806773E-006  -1.9798173534699882E-007  -1.8580362091265022E-004
  -1.9264419007145362E-004  -3.7461104170962282E-007  -3.3333988789689249E-006  -2.9492269713794714E-006  -1.9806844115513277E-007  -1.8579085932631832E-004
  -1.9262961822987838E-004  -3.7281288859401167E-007  -3.3338186773691611E-006  -2.9487111566594372E-006  -1.9815623404873634E-007  -1.8577809594614634E-004
  -1.9261534566579878E-004  -3.7125342506771290E-007  -3.3342853518301655E-006  -2.9482098289324665E-006  -1.9824511214453158E-007  -1.8576533080230393E-004
  -1.9260136884100958E-004  -3.6992925411898216E-007  -3.3347986138838011E-006  -2.9477231066263291E-006  -1.9833507351287573E-007  -1.8575256392494490E-004
  -1.9258768464111686E-004  -3.6883743581376221E-007  -3.3353581454870833E-006  -2.9472511044792299E-006  -1.9842611617687390E-007  -1.8573979534420619E-004
  -1.9257429039775564E-004  -3.6797550950366671E-007  -3.3359635990389204E-006  -2.9467939335346233E-006  -1.9851823811148965E-007  -1.8572702509020702E-004
  -1.9256118390496241E-004  -3.6734151018442181E-007  -3.3366145974006409E-006  -2.9463517011362858E-006  -1.9861143724265083E-007  -1.8571425319304738E-004
  -1.9254836343089604E-004  -3.6693398019694713E-007  -3.3373107339208490E-006  -2.9459245109236223E-006  -1.9870571144634924E-007  -1.8570147968280688E-004
  -1.9253582772580126E-004  -3.6675197716586938E-007  -3.3380515724651455E-006  -2.9455124628272180E-006  -1.9880105854773206E-007  -1.8568870458954338E-004
  -1.9252357602684791E-004  -3.6679507880778776E-007  -3.3388366474513400E-006  -2.9451156530646281E-006  -1.9889747632018355E-007  -1.8567592794329152E-004
  -1.9251160806024202E-004  -3.6706338500428488E-007  -3.3396654638907730E-006  -2.9447341741364727E-006  -1.9899496248439518E-007  -1.8566314977406107E-004
  -1.9249992404078191E-004  -3.6755751731327337E-007  -3.3405374974364532E-006  -2.9443681148228623E-006  -1.9909351470742435E-007  -1.8565037011183540E-004
  -1.9248852466882015E-004  -3.6827861587792097E-007  -3.3414521944387196E-006  -2.9440175601802578E-006  -1.9919313060173969E-007  -1.8563758898657010E-004
  -1.9247741112437419E-004  -3.6922833347637865E-007  -3.3424089720091817E-006  -2.9436825915388742E-006  -1.9929380772425309E-007  -1.8562480642819113E-004
  -1.9246658505790406E-004  -3.7040882622911073E-007  -3.3434072180937506E-006  -2.9433632865007685E-006  -1.9939554357533795E-007  -1.8561202246659354E-004
  -1.9245604857702774E-004  -3.7182274023478762E-007  -3.3444462915555681E-006  -2.9430597189387700E-006  -1.9949833559783297E-007  -1.8559923713163971E-004
  -1.9244580422817217E-004  -3.7347319313103378E-007  -3.3455255222687191E-006  -2.9427719589964366E-006  -1.9960218117603212E-007  -1.8558645045315807E-004
  -1.9243585497184259E-004  -3.7536374926284061E-007  -3.3466442112236144E-006  -2.9425000730891845E-006  -1.9970707763465965E-007  -1.8557366246094173E-004
  -1.9242620414983109E-004  -3.7749838677856119E-007  -3.3478016306449636E-006  -2.9422441239067060E-006  -1.9981302223783120E-007  -1.8556087318474693E-004
  -1.9241685544226268E-004  -3.7988145454994511E-007  -3.3489970241233050E-006  -2.9420041704167322E-006  -1.9992001218800049E-007  -1.8554808265429186E-004
  -1.9240781281187923E-004  -3.8251761631723919E-007  -3.3502296067610694E-006  -2.9417802678700337E-006  -2.0002804462489141E-007  -1.8553529089925544E-004
  -1.9239908043238734E-004  -3.8541177888185489E-007  -3.3514985653341818E-006  -2.9415724678064585E-006  -2.0013711662441669E-007  -1.8552249794927641E-004
  -1.9239066259702016E-004  -3.8856900049774172E-007  -3.3528030584702297E-006  -2.9413808180615962E-006  -2.0024722519758219E-007  -1.8550970383395194E-004
  -1.9238256360269753E-004  -3.9199437484173490E-007  -3.3541422168442399E-006  -2.9412053627735360E-006  -2.0035836728937698E-007  -1.8549690858283679E-004
  -1.9237478760429424E-004  -3.9569288507187027E-007  -3.3555151433931265E-006  -2.9410461423890390E-006  -2.0047053977765128E-007  -1.8548411222544254E-004
  -1.9236733843256386E-004  -3.9966922151994176E-007  -3.3569209135498645E-006  -2.9409031936684514E-006  -2.0058373947197930E-007  -1.8547131479123639E-004
  -1.9236021936823826E-004  -4.0392755553513299E-007  -3.3583585754984794E-006  -2.9407765496887037E-006  -2.0069796311251016E-007  -1.8545851630964041E-004
  -1.9235343286377361E-004  -4.0847126094828422E-007  -3.3598271504508901E-006  -2.9406662398439659E-006  -2.0081320736880566E-007  -1.8544571681003064E-004
  -1.9234698020323250E-004  -4.1330257364583969E-007  -3.3613256329466933E-006  -2.9405722898437261E-006  -2.0092946883866544E-007  -1.8543291632173563E-004
  -1.9234086109001582E-004  -4.1842217896422167E-007  -3.3628529911768802E-006  -2.9404947217084023E-006  -2.0104674404694049E-007  -1.8542011487403538E-004
  -1.9233507315178427E-004  -4.2382871624486426E-007  -3.3644081673325007E-006  -2.9404335537628454E-006  -2.0116502944433441E-007  -1.8540731249615946E-004
  -1.9232961135224661E-004  -4.2951819022570272E-007  -3.3659900779792001E-006  -2.9403888006283391E-006  -2.0128432140619432E-007  -1.8539450921728484E-004
  -1.9232446730094822E-004  -4.3548328040181080E-007  -3.3675976144584699E-006  -2.9403604732137859E-006  -2.0140461623129130E-007  -1.8538170506653310E-004
  -1.9231962845532444E-004  -4.4171254261941122E-007  -3.3692296433163616E-006  -2.9403485787067989E-006  -2.0152591014059044E-007  -1.8536890007296645E-004
  -1.9231507721479115E-004  -4.4818950267435050E-007  -3.3708850067602707E-006  -2.9403531205652975E-006  -2.0164819927601356E-007  -1.8535609426558329E-004
  -1.9231078991535736E-004  -4.5489165039915604E-007  -3.3725625231441957E-006  -2.9403740985100795E-006  -2.0177147969919338E-007  -1.8534328767331172E-004
  -1.9230673574605883E-004  -4.6178935553660707E-007  -3.3742609874827174E-006  -2.9404115085186180E-006  -2.0189574739022152E-007  -1.8533048032500204E-004
  -1.9230287562623872E-004  -4.6884474442470842E-007  -3.3759791719937228E-006  -2.9404653428201739E-006  -2.0202099824639175E-007  -1.8531767224941721E-004
  -1.9229916110581071E-004  -4.7601059962683153E-007  -3.3777158266697607E-006  -2.9405355898921907E-006  -2.0214722808093894E-007  -1.8530486347522170E-004
  -1.9229553337884629E-004  -4.8322937284958656E-007  -3.3794696798780066E-006  -2.9406222344577839E-006  -2.0227443262177606E-007  -1.8529205403096816E-004
  -1.9229192253254797E-004  -4.9043243321017589E-007  -3.3812394389892117E-006  -2.9407252574841654E-006  -2.0240260751022974E-007  -1.8527924394508259E-004
  -1.9228824718535160E-004  -4.9753970459829985E-007  -3.3830237910372085E-006  -2.9408446361817682E-006  -2.0253174829977495E-007  -1.8526643324584847E-004
  -1.9228441469346390E-004  -5.0445987144610029E-007  -3.3848214034127384E-006  -2.9409803440039232E-006  -2.0266185045477027E-007  -1.8525362196139037E-004
  -1.9228032211579107E-004  -5.1109134286996573E-007  -3.3866309245988975E-006  -2.9411323506469353E-006  -2.0279290934919044E-007  -1.8524081011965849E-004
  -1.9227585811205843E-004  -5.1732415000002906E-007  -3.3884509849600457E-006  -2.9413006220505112E-006  -2.0292492026535737E-007  -1.8522799774841605E-004
  -1.9227090589698739E-004  -5.2304289938232821E-007  -3.3902801976000877E-006  -2.9414851203985196E-006  -2.0305787839266396E-007  -1.8521518487523068E-004
  -1.9226534727715165E-004  -5.2813080909302521E-007  -3.3921171593064571E-006  -2.9416858041201041E-006  -2.0319177882628705E-007  -1.8520237152747348E-004
  -1.9225906765727501E-004  -5.3247471433658067E-007  -3.3939604515886356E-006  -2.9419026278912384E-006  -2.0332661656588340E-007  -1.8518955773232624E-004
  -1.9225196173279792E-004  -5.3597075934258518E-007  -3.3958086418021051E-006  -2.9421355426367495E-006  -2.0346238651426192E-007  -1.8517674351679889E-004
  -1.9224393941397341E-004  -5.3853032078159509E-007  -3.3976602843242163E-006  -2.9423844955328932E-006  -2.0359908347602516E-007  -1.8516392890775894E-004
  -1.9223493139382711E-004  -5.4008557497408037E-007  -3.3995139217301041E-006  -2.9426494300104460E-006  -2.0373670215617487E-007  -1.8515111393197032E-004
  -1.9222489372055035E-004  -5.4059406940006471E-007  -3.4013680859198319E-006  -2.9429302857582777E-006  -2.0387523715867739E-007  -1.8513829861614082E-004
  -1.9221381079465711E-004  -5.4004171881054525E-007  -3.4032212991769225E-006  -2.9432269987272671E-006  -2.0401468298498841E-007  -1.8512548298697332E-004
  -1.9220169638679914E-004  -5.3844382184446669E-007  -3.4050720751792718E-006  -2.9435395011343923E-006  -2.0415503403254023E-007  -1.8511266707121809E-004
  -1.9218859253500656E-004  -5.3584395696357951E-007  -3.4069189200122218E-006  -2.9438677214668062E-006  -2.0429628459319712E-007  -1.8509985089571870E-004
  -1.9217456647463861E-004  -5.3231091103815201E-007  -3.4087603332360442E-006  -2.9442115844856749E-006  -2.0443842885168756E-007  -1.8508703448744991E-004
  -1.9215970601451965E-004  -5.2793405409347943E-007  -3.4105948090407615E-006  -2.9445710112296528E-006  -2.0458146088402433E-007  -1.8507421787354272E-004
  -1.9214411394379523E-004  -5.2281774476474379E-007  -3.4124208374958512E-006  -2.9449459190178540E-006  -2.0472537465592056E-007  -1.8506140108129554E-004
  -1.9212790210884793E-004  -5.1707540579589781E-007  -3.4142369058838939E-006  -2.9453362214523262E-006  -2.0487016402121235E-007  -1.8504858413817297E-004
  -1.9211118574371960E-004  -5.1082385302251992E-007  -3.4160415000997129E-006  -2.9457418284200171E-006  -2.0501582272029348E-007  -1.8503576707179322E-004
  -1.9209407850208769E-004  -5.0417832587913138E-007  -3.4178331060972527E-006  -2.9461626460943769E-006  -2.0516234437856581E-007  -1.8502294990990715E-004
  -1.9207668846661207E-004  -4.9724849524544794E-007  -3.4196102113709574E-006  -2.9465985769366738E-006  -2.0530972250490819E-007  -1.8501013268037376E-004
  -1.9205911524232877E-004  -4.9013555531028902E-007  -3.4213713064631871E-006  -2.9470495196972060E-006  -2.0545795049016170E-007  -1.8499731541113312E-004
  -1.9204144810256181E-004  -4.8293036792799988E-007  -3.4231148864929621E-006  -2.9475153694165334E-006  -2.0560702160563112E-007  -1.8498449813018189E-004
  -1.9202376506148258E-004  -4.7571253360263969E-007  -3.4248394527035170E-006  -2.9479960174268833E-006  -2.0575692900159829E-007  -1.8497168086555133E-004
  -1.9200613269723150E-004  -4.6855021301726780E-007  -3.4265435140272865E-006  -2.9484913513538280E-006  -2.0590766570584629E-007  -1.8495886364529044E-004
  -1.9198860653565821E-004  -4.6150050917000416E-007  -3.4282255886672546E-006  -2.9490012551183369E-006  -2.0605922462219085E-007  -1.8494604649745366E-004
  -1.9197123181621093E-004  -4.5461023164836196E-007  -3.4298842056935533E-006  -2.9495256089392825E-006  -2.0621159852901722E-007  -1.8493322945009404E-004
  -1.9195404448747725E-004  -4.4791689054740076E-007  -3.4315179066539323E-006  -2.9500642893364397E-006  -2.0636478007782187E-007  -1.8492041253126009E-004
  -1.9193707231166459E-004  -4.4144979932048199E-007  -3.4331252471963511E-006  -2.9506171691340304E-006  -2.0651876179175799E-007  -1.8490759576899666E-004
  -1.9192033598893355E-004  -4.3523119747751140E-007  -3.4347047987016996E-006  -2.9511841174648399E-006  -2.0667353606418490E-007  -1.8489477919134896E-004
  -1.9190385024051376E-004  -4.2927733206202441E-007  -3.4362551499242754E-006  -2.9517649997749302E-006  -2.0682909515722295E-007  -1.8488196282636778E-004
  -1.9188762481241704E-004  -4.2359945972229650E-007  -3.4377749086374571E-006  -2.9523596778289527E-006  -2.0698543120031403E-007  -1.8486914670211722E-004
  -1.9187166537906977E-004  -4.1820474870190692E-007  -3.4392627032817754E-006  -2.9529680097161056E-006  -2.0714253618879075E-007  -1.8485633084668176E-004
  -1.9185597433881603E-004  -4.1309707270165544E-007  -3.4407171846123858E-006  -2.9535898498567165E-006  -2.0730040198245526E-007  -1.8484351528817462E-004
  -1.9184055150180262E-004  -4.0827769712733559E-007  -3.4421370273428664E-006  -2.9542250490094890E-006  -2.0745902030416990E-007  -1.8483070005474505E-004
  -1.9182539467615099E-004  -4.0374586363069382E-007  -3.4435209317820659E-006  -2.9548734542794310E-006  -2.0761838273846176E-007  -1.8481788517458534E-004
  -1.9181050016137008E-004  -3.9949928190019870E-007  -3.4448676254606779E-006  -2.9555349091264622E-006  -2.0777848073014363E-007  -1.8480507067593694E-004
  -1.9179586315936327E-004  -3.9553453905864252E-007  -3.4461758647441471E-006  -2.9562092533747398E-006  -2.0793930558295083E-007  -1.8479225658709557E-004
  -1.9178147811368363E-004  -3.9184743732338376E-007  -3.4474444364284031E-006  -2.9568963232227158E-006  -2.0810084845819609E-007  -1.8477944293641553E-004
  -1.9176733898729499E-004  -3.8843327019218436E-007  -3.4486721593149421E-006  -2.9575959512539592E-006  -2.0826310037344238E-007  -1.8476662975231223E-004
  -1.9175343948830980E-004  -3.8528704662714257E-007  -3.4498578857616937E-006  -2.9583079664487555E-006  -2.0842605220119168E-007  -1.8475381706326447E-004
  -1.9173977325218588E-004  -3.8240367172344667E-007  -3.4510005032061199E-006  -2.9590321941965058E-006  -2.0858969466758975E-007  -1.8474100489781486E-004
  -1.9172633398781776E-004  -3.7977809130164388E-007  -3.4520989356570032E-006  -2.9597684563089836E-006  -2.0875401835114281E-007  -1.8472819328456963E-004
  -1.9171311559392987E-004  -3.7740540683466304E-007  -3.4531521451513756E-006  -2.9605165710344399E-006  -2.0891901368144464E-007  -1.8471538225219738E-004
  -1.9170011225122079E-004  -3.7528096616165006E-007  -3.4541591331730723E-006  -2.9612763530726106E-006  -2.0908467093790973E-007  -1.8470257182942674E-004
  -1.9168731849483932E-004  -3.7340043457365093E-007  -3.4551189420294722E-006  -2.9620476135906492E-006  -2.0925098024850968E-007  -1.8468976204504350E-004
  -1.9167472927100800E-004  -3.7175985008972035E-007  -3.4560306561829793E-006  -2.9628301602400228E-006  -2.0941793158850914E-007  -1.8467695292788652E-004
  -1.9166233998094197E-004  -3.7035566607490904E-007  -3.4568934035339266E-006  -2.9636237971743868E-006  -2.0958551477919987E-007  -1.8466414450684341E-004
  -1.9165014651463674E-004  -3.6918478377690509E-007  -3.4577063566516476E-006  -2.9644283250684958E-006  -2.0975371948663043E-007  -1.8465133681084539E-004
  -1.9163814527660612E-004  -3.6824457686603449E-007  -3.4584687339505348E-006  -2.9652435411381607E-006  -2.0992253522033180E-007  -1.8463852986886167E-004
  -1.9162633320523147E-004  -3.6753290964270856E-007  -3.4591798008080684E-006  -2.9660692391613011E-006  -2.1009195133204071E-007  -1.8462572370989337E-004
  -1.9161470778702303E-004  -3.6704815021583496E-007  -3.4598388706218476E-006  -2.9669052095001247E-006  -2.1026195701442196E-007  -1.8461291836296737E-004
  -1.9160326706678136E-004  -3.6678917964406014E-007  -3.4604453058028668E-006  -2.9677512391244448E-006  -2.1043254129979415E-007  -1.8460011385712933E-004
  -1.9159200965437678E-004  -3.6675539775842421E-007  -3.4609985187023677E-006  -2.9686071116362216E-006  -2.1060369305886365E-007  -1.8458731022143738E-004
  -1.9158093472861523E-004  -3.6694672614013342E-007  -3.4614979724697828E-006  -2.9694726072953002E-006  -2.1077540099947183E-007  -1.8457450748495492E-004
  -1.9157004203843852E-004  -3.6736360850130214E-007  -3.4619431818394618E-006  -2.9703475030464214E-006  -2.1094765366536037E-007  -1.8456170567674360E-004
  -1.9155933190148749E-004  -3.6800700850070402E-007  -3.4623337138440201E-006  -2.9712315725475329E-006  -2.1112043943496146E-007  -1.8454890482585680E-004
  -1.9154880519984388E-004  -3.6887840481206948E-007  -3.4626691884523748E-006  -2.9721245861994122E-006  -2.1129374652021729E-007  -1.8453610496133255E-004
  -1.9153846337254508E-004  -3.6997978304055053E-007  -3.4629492791307036E-006  -2.9730263111766597E-006  -2.1146756296543275E-007  -1.8452330611218703E-004
  -1.9152830840422739E-004  -3.7131362384476896E-007  -3.4631737133247812E-006  -2.9739365114600939E-006  -2.1164187664616595E-007  -1.8451050830740830E-004
  -1.9151834280898959E-004  -3.7288288635811666E-007  -3.4633422728623549E-006  -2.9748549478705570E-006  -2.1181667526816000E-007  -1.8449771157594993E-004
  -1.9150856960827183E-004  -3.7469098570392033E-007  -3.4634547942744455E-006  -2.9757813781041859E-006  -2.1199194636631708E-007  -1.8448491594672532E-004
  -1.9149899230119715E-004  -3.7674176305432955E-007  -3.4635111690346688E-006  -2.9767155567691774E-006  -2.1216767730371678E-007  -1.8447212144860235E-004
  -1.9148961482542431E-004  -3.7903944628138624E-007  -3.4635113437159399E-006  -2.9776572354240542E-006  -2.1234385527068170E-007  -1.8445932811039805E-004
  -1.9148044150609086E-004  -3.8158859877929807E-007  -3.4634553200640951E-006  -2.9786061626174869E-006  -2.1252046728388719E-007  -1.8444653596087429E-004
  -1.9147147698987560E-004  -3.8439405348817458E-007  -3.4633431549882571E-006  -2.9795620839296742E-006  -2.1269750018552015E-007  -1.8443374502873300E-004
  -1.9146272616057364E-004  -3.8746082851100978E-007  -3.4631749604679759E-006  -2.9805247420153134E-006  -2.1287494064248270E-007  -1.8442095534261312E-004
  -1.9145419403183869E-004  -3.9079401997951169E-007  -3.4629509033774070E-006  -2.9814938766481627E-006  -2.1305277514564493E-007  -1.8440816693108660E-004
  -1.9144588561191290E-004  -3.9439866698721242E-007  -3.4626712052270577E-006  -2.9824692247672251E-006  -2.1323099000914311E-007  -1.8439537982265584E-004
  -1.9143780573422953E-004  -3.9827958247513912E-007  -3.4623361418238213E-006  -2.9834505205245344E-006  -2.1340957136972674E-007  -1.8438259404575117E-004
  -1.9142995884676489E-004  -4.0244114294468876E-007  -3.4619460428502769E-006  -2.9844374953345466E-006  -2.1358850518615211E-007  -1.8436980962872882E-004
  -1.9142234875196628E-004  -4.0688702882373317E-007  -3.4615012913644528E-006  -2.9854298779251117E-006  -2.1376777723862548E-007  -1.8435702659986897E-004
  -1.9141497828806915E-004  -4.1161990629629785E-007  -3.4610023232214682E-006  -2.9864273943899900E-006  -2.1394737312829381E-007  -1.8434424498737470E-004
  -1.9140784894174776E-004  -4.1664104053956805E-007  -3.4604496264186763E-006  -2.9874297682428566E-006  -2.1412727827678620E-007  -1.8433146481937042E-004
  -1.9140096038150795E-004  -4.2194982977380187E-007  -3.4598437403661556E-006  -2.9884367204727150E-006  -2.1430747792580481E-007  -1.8431868612390072E-004
  -1.9139430990128452E-004  -4.2754324958493608E-007  -3.4591852550845701E-006  -2.9894479696006276E-006  -2.1448795713676883E-007  -1.8430590892892950E-004
  -1.9138789176472367E-004  -4.3341519799897855E-007  -3.4584748103326424E-006  -2.9904632317376125E-006  -2.1466870079051060E-007  -1.8429313326233815E-004
  -1.9138169644312237E-004  -4.3955573427596152E-007  -3.4577130946666249E-006  -2.9914822206435963E-006  -2.1484969358702660E-007  -1.8428035915192390E-004
  -1.9137570974460332E-004  -4.4595020899983484E-007  -3.4569008444343568E-006  -2.9925046477872288E-006  -2.1503092004528531E-007  -1.8426758662539702E-004
  -1.9136991183962395E-004  -4.5257829055990570E-007  -3.4560388427066382E-006  -2.9935302224064644E-006  -2.1521236450309297E-007  -1.8425481571037732E-004
  -1.9136427619923275E-004  -4.5941290443364112E-007  -3.4551279181487970E-006  -2.9945586515698191E-006  -2.1539401111702077E-007  -1.8424204643438966E-004
  -1.9135876847845677E-004  -4.6641911765289489E-007  -3.4541689438354570E-006  -2.9955896402383867E-006  -2.1557584386239517E-007  -1.8422927882485698E-004
  -1.9135334539845919E-004  -4.7355302208960836E-007  -3.4531628360116477E-006  -2.9966228913289689E-006  -2.1575784653335514E-007  -1.8421651290909225E-004
  -1.9134795370766966E-004  -4.8076069676223654E-007  -3.4521105528034799E-006  -2.9976581057790370E-006  -2.1594000274297968E-007  -1.8420374871428780E-004
  -1.9134252933289230E-004  -4.8797736016750136E-007  -3.4510130928817030E-006  -2.9986949826148519E-006  -2.1612229592348905E-007  -1.8419098626750306E-004
  -1.9133699686363158E-004  -4.9512685587835605E-007  -3.4498714940815294E-006  -2.9997332190246908E-006  -2.1630470932652456E-007  -1.8417822559564900E-004
  -1.9133126954137928E-004  -5.0212164315283024E-007  -3.4486868319821625E-006  -3.0007725104397877E-006  -2.1648722602351077E-007  -1.8416546672547188E-004
  -1.9132524994248284E-004  -5.0886348117689975E-007  -3.4474602184494750E-006  -3.0018125506258703E-006  -2.1666982890610490E-007  -1.8415270968353563E-004
  -1.9131883153815314E-004  -5.1524499050208788E-007  -3.4461928001453139E-006  -3.0028530317876632E-006  -2.1685250068673699E-007  -1.8413995449620399E-004
  -1.9131190127690288E-004  -5.2115223696979919E-007  -3.4448857570068569E-006  -3.0038936446870991E-006  -2.1703522389924382E-007  -1.8412720118962482E-004
  -1.9130434325403717E-004  -5.2646840274193490E-007  -3.4435403006994813E-006  -3.0049340787730044E-006  -2.1721798089959853E-007  -1.8411444978971806E-004
  -1.9129604340707213E-004  -5.3107848330609215E-007  -3.4421576730464936E-006  -3.0059740223163034E-006  -2.1740075386673526E-007  -1.8410170032217012E-004
  -1.9128689501386593E-004  -5.3487478722898686E-007  -3.4407391444391002E-006  -3.0070131625417321E-006  -2.1758352480346606E-007  -1.8408895281243589E-004
  -1.9127680459520683E-004  -5.3776284038701904E-007  -3.4392860122299295E-006  -3.0080511857462275E-006  -2.1776627553748564E-007  -1.8407620728575150E-004
  -1.9126569767258307E-004  -5.3966714538454230E-007  -3.4377995991134121E-006  -3.0090877773968668E-006  -2.1794898772245650E-007  -1.8406346376715767E-004
  -1.9125352374805258E-004  -5.4053616306580498E-007  -3.4362812514963328E-006  -3.0101226222068127E-006  -2.1813164283916643E-007  -1.8405072228153330E-004
  -1.9124025989277540E-004  -5.4034590267553916E-007  -3.4347323378618617E-006  -3.0111554041941820E-006  -2.1831422219675047E-007  -1.8403798285363804E-004
  -1.9122591246830027E-004  -5.3910164475512848E-007  -3.4331542471304284E-006  -3.0121858067332909E-006  -2.1849670693397036E-007  -1.8402524550815961E-004
  -1.9121051674285690E-004  -5.3683755902374971E-007  -3.4315483870207142E-006  -3.0132135126087906E-006  -2.1867907802054866E-007  -1.8401251026976207E-004
  -1.9119413445590642E-004  -5.3361427049157362E-007  -3.4299161824141199E-006  -3.0142382040809064E-006  -2.1886131625855575E-007  -1.8399977716313065E-004
  -1.9117684966322388E-004  -5.2951470607696147E-007  -3.4282590737258813E-006  -3.0152595629659884E-006  -2.1904340228385462E-007  -1.8398704621300807E-004
  -1.9115876340094321E-004  -5.2463876015109979E-007  -3.4265785152859689E-006  -3.0162772707326676E-006  -2.1922531656761021E-007  -1.8397431744422043E-004
  -1.9113998780247147E-004  -5.1909741291619294E-007  -3.4248759737326941E-006  -3.0172910086111862E-006  -2.1940703941787162E-007  -1.8396159088168991E-004
  -1.9112064028163988E-004  -5.1300691498187624E-007  -3.4231529264217883E-006  -3.0183004577123579E-006  -2.1958855098123804E-007  -1.8394886655043551E-004
  -1.9110083828269005E-004  -5.0648353874070674E-007  -3.4214108598535116E-006  -3.0193052991526115E-006  -2.1976983124461826E-007  -1.8393614447556291E-004
  -1.9108069493318591E-004  -4.9963923263657794E-007  -3.4196512681201502E-006  -3.0203052141822597E-006  -2.1995086003709155E-007  -1.8392342468224549E-004
  -1.9106031576191301E-004  -4.9257834039042146E-007  -3.4178756513760570E-006  -3.0212998843150427E-006  -2.2013161703187723E-007  -1.8391070719570076E-004
  -1.9103979649287391E-004  -4.8539539629694198E-007  -3.4160855143322575E-006  -3.0222889914577801E-006  -2.2031208174841721E-007  -1.8389799204116369E-004
  -1.9101922181659570E-004  -4.7817389781103225E-007  -3.4142823647774247E-006  -3.0232722180395922E-006  -2.2049223355457421E-007  -1.8388527924386068E-004
  -1.9099866497525691E-004  -4.7098589193169932E-007  -3.4124677121269488E-006  -3.0242492471405730E-006  -2.2067205166894727E-007  -1.8387256882898591E-004
  -1.9097818797302545E-004  -4.6389218677778938E-007  -3.4106430660016396E-006  -3.0252197626199876E-006  -2.2085151516330399E-007  -1.8385986082168022E-004
  -1.9095784222710201E-004  -4.5694300384716890E-007  -3.4088099348375010E-006  -3.0261834492442122E-006  -2.2103060296512919E-007  -1.8384715524701544E-004
  -1.9093766949708290E-004  -4.5017890857336214E-007  -3.4069698245278777E-006  -3.0271399928146644E-006  -2.2120929386028926E-007  -1.8383445212998221E-004
  -1.9091770296086235E-004  -4.4363188739682178E-007  -3.4051242370991735E-006  -3.0280890802958979E-006  -2.2138756649581083E-007  -1.8382175149548233E-004
  -1.9089796833747288E-004  -4.3732647174780825E-007  -3.4032746694211643E-006  -3.0290303999440821E-006  -2.2156539938277284E-007  -1.8380905336832482E-004
  -1.9087848498676400E-004  -4.3128083883841720E-007  -3.4014226119528737E-006  -3.0299636414359665E-006  -2.2174277089931181E-007  -1.8379635777322534E-004
  -1.9085926694053216E-004  -4.2550784387475476E-007  -3.3995695475247913E-006  -3.0308884959984307E-006  -2.2191965929373909E-007  -1.8378366473480797E-004
  -1.9084032383903128E-004  -4.2001595761636801E-007  -3.3977169501581122E-006  -3.0318046565386540E-006  -2.2209604268777101E-007  -1.8377097427760904E-004
  -1.9082166176100413E-004  -4.1481009742170205E-007  -3.3958662839215712E-006  -3.0327118177749223E-006  -2.2227189907987147E-007  -1.8375828642608260E-004
  -1.9080328394522415E-004  -4.0989234976806488E-007  -3.3940190018262783E-006  -3.0336096763680532E-006  -2.2244720634870783E-007  -1.8374560120460644E-004
  -1.9078519140791560E-004  -4.0526258861185937E-007  -3.3921765447588843E-006  -3.0344979310534013E-006  -2.2262194225672080E-007  -1.8373291863748946E-004
  -1.9076738346418171E-004  -4.0091899771939427E-007  -3.3903403404532496E-006  -3.0353762827733804E-006  -2.2279608445381039E-007  -1.8372023874897866E-004
  -1.9074985816346768E-004  -3.9685850699353709E-007  -3.3885118025007164E-006  -3.0362444348104397E-006  -2.2296961048113770E-007  -1.8370756156326642E-004
  -1.9073261264970656E-004  -3.9307715344419490E-007  -3.3866923293989256E-006  -3.0371020929204094E-006  -2.2314249777504571E-007  -1.8369488710449797E-004
  -1.9071564345660125E-004  -3.8957037725588310E-007  -3.3848833036390699E-006  -3.0379489654661263E-006  -2.2331472367110096E-007  -1.8368221539677811E-004
  -1.9069894674781431E-004  -3.8633326272436724E-007  -3.3830860908313146E-006  -3.0387847635512435E-006  -2.2348626540825712E-007  -1.8366954646417832E-004
  -1.9068251851090106E-004  -3.8336073289750846E-007  -3.3813020388680717E-006  -3.0396092011541247E-006  -2.2365710013314415E-007  -1.8365688033074274E-004
  -1.9066635471278229E-004  -3.8064770571735442E-007  -3.3795324771246849E-006  -3.0404219952617175E-006  -2.2382720490448498E-007  -1.8364421702049463E-004
  -1.9065045142351126E-004  -3.7818921841931376E-007  -3.3777787156970205E-006  -3.0412228660032945E-006  -2.2399655669764283E-007  -1.8363155655744167E-004
  -1.9063480491410571E-004  -3.7598052595817495E-007  -3.3760420446753690E-006  -3.0420115367839554E-006  -2.2416513240930188E-007  -1.8361889896558161E-004
  -1.9061941173331218E-004  -3.7401717833073438E-007  -3.3743237334539652E-006  -3.0427877344177771E-006  -2.2433290886228440E-007  -1.8360624426890700E-004
  -1.9060426876737192E-004  -3.7229508086381326E-007  -3.3726250300754254E-006  -3.0435511892604930E-006  -2.2449986281050704E-007  -1.8359359249140976E-004
  -1.9058937328615512E-004  -3.7081054083599968E-007  -3.3709471606092595E-006  -3.0443016353415854E-006  -2.2466597094408003E-007  -1.8358094365708593E-004
  -1.9057472297842636E-004  -3.6956030319625491E-007  -3.3692913285636318E-006  -3.0450388104956744E-006  -2.2483120989455091E-007  -1.8356829778993941E-004
  -1.9056031597848333E-004  -3.6854157762349809E-007  -3.3676587143294665E-006  -3.0457624564930895E-006  -2.2499555624029643E-007  -1.8355565491398579E-004
  -1.9054615088596937E-004  -3.6775205872761443E-007  -3.3660504746559812E-006  -3.0464723191694947E-006  -2.2515898651206386E-007  -1.8354301505325599E-004
  -1.9053222678027881E-004  -3.6718994081259416E-007  -3.3644677421567212E-006  -3.0471681485544444E-006  -2.2532147719866352E-007  -1.8353037823179988E-004
  -1.9051854323064727E-004  -3.6685392829547155E-007  -3.3629116248451985E-006  -3.0478496989987699E-006  -2.2548300475281384E-007  -1.8351774447368898E-004
  -1.9050510030273475E-004  -3.6674324258962341E-007  -3.3613832056992529E-006  -3.0485167293006460E-006  -2.2564354559713718E-007  -1.8350511380302011E-004
  -1.9049189856225459E-004  -3.6685762600764623E-007  -3.3598835422533760E-006  -3.0491690028302413E-006  -2.2580307613030727E-007  -1.8349248624391758E-004
  -1.9047893907597142E-004  -3.6719734300790631E-007  -3.3584136662183140E-006  -3.0498062876528155E-006  -2.2596157273334408E-007  -1.8347986182053660E-004
  -1.9046622341017163E-004  -3.6776317889082491E-007  -3.3569745831274137E-006  -3.0504283566501473E-006  -2.2611901177605196E-007  -1.8346724055706554E-004
  -1.9045375362649705E-004  -3.6855643583720636E-007  -3.3555672720093436E-006  -3.0510349876401816E-006  -2.2627536962359613E-007  -1.8345462247772846E-004
  -1.9044153227481406E-004  -3.6957892596270088E-007  -3.3541926850869285E-006  -3.0516259634947566E-006  -2.2643062264320808E-007  -1.8344200760678756E-004
  -1.9042956238255794E-004  -3.7083296083095508E-007  -3.3528517475019370E-006  -3.0522010722553163E-006  -2.2658474721101059E-007  -1.8342939596854578E-004
  -1.9041784743973944E-004  -3.7232133661395978E-007  -3.3515453570655855E-006  -3.0527601072464710E-006  -2.2673771971895012E-007  -1.8341678758734866E-004
  -1.9040639137851421E-004  -3.7404731380190259E-007  -3.3502743840342809E-006  -3.0533028671873073E-006  -2.2688951658182119E-007  -1.8340418248758688E-004
