   2.49852036E-14
  0.180604100    
   1.21271908    
   1.92219925    
   2.85877395    
   24.9233780    
   9.88680370E-14
  0.263092190    
   1.26428890    
   1.90784657    
   2.84474540    
   24.9424229    
   2.20764203E-13
  0.356718212    
   1.31496418    
   1.89236069    
   2.83035755    
   24.9613628    
   3.90758742E-13
  0.459358096    
   1.36458337    
   1.87575984    
   2.81561518    
   24.9801941    
   6.09910993E-13
  0.568989038    
   1.41298735    
   1.85806465    
   2.80052304    
   24.9989185    
   8.80260003E-13
  0.683693767    
   1.46001995    
   1.83929598    
   2.78508544    
   25.0175400    
   1.20483137E-12
  0.801662445    
   1.50552893    
   1.81947720    
   2.76930809    
   25.0360527    
   1.58764386E-12
  0.921191454    
   1.54936576    
   1.79863238    
   2.75319576    
   25.0544624    
   2.03371564E-12
   1.04068124    
   1.59138644    
   1.77678680    
   2.73675346    
   25.0727654    
   2.54907293E-12
   1.15863287    
   1.63145268    
   1.75396800    
   2.71998620    
   25.0909634    
   3.14075502E-12
   1.27364421    
   1.66943061    
   1.73020399    
   2.70289946    
   25.1090546    
   3.81682229E-12
   1.38440597    
   1.70519388    
   1.70552421    
   2.68549895    
   25.1270390    
   4.58636081E-12
   1.48969722    
   1.73862100    
   1.67995894    
   2.66778898    
   25.1449165    
   5.45949006E-12
   1.58838224    
   1.76959920    
   1.65354037    
   2.64977598    
   25.1626835    
   6.44736695E-12
   1.67940700    
   1.79802155    
   1.62630141    
   2.63146472    
   25.1803474    
   7.56218872E-12
   1.76179731    
   1.82378983    
   1.59827602    
   2.61286163    
   25.1979008    
   8.81720044E-12
   1.83465564    
   1.84681344    
   1.56949914    
   2.59397125    
   25.2153511    
   1.02266945E-11
   1.89716196    
   1.86701107    
   1.54000711    
   2.57480001    
   25.2326984    
   1.18060197E-11
   1.94857299    
   1.88430917    
   1.50983679    
   2.55535293    
   25.2499294    
   1.35715727E-11
   1.98822343    
   1.89864469    
   1.47902584    
   2.53563643    
   25.2670555    
   1.55408082E-11
   2.01552796    
   1.90996265    
   1.44761348    
   2.51565647    
   25.2840767    
   1.77322393E-11
   2.02998853    
   1.91821933    
   1.41563869    
   2.49541855    
   25.3009892    
   2.01654266E-11
   2.03119421    
   1.92337918    
   1.38314199    
   2.47492838    
   25.3177891    
   2.28609909E-11
   2.01883483    
   1.92541790    
   1.35016453    
   2.45419240    
   25.3344860    
   2.58406005E-11
   1.99270511    
   1.92432141    
   1.31674767    
   2.43321657    
   25.3510723    
   2.91269786E-11
   1.95271933    
   1.92008579    
   1.28293347    
   2.41200662    
   25.3675518    
   3.27438909E-11
   1.89892316    
   1.91271782    
   1.24876499    
   2.39056873    
   25.3839245    
   3.67161440E-11
   1.83150995    
   1.90223384    
   1.21428502    
   2.36890960    
   25.4001827    
   4.10695852E-11
   1.75084162    
   1.88866210    
   1.17953730    
   2.34703493    
   25.4163380    
   4.58310889E-11
   1.65746713    
   1.87204051    
   1.14456558    
   2.32495117    
   25.4323807    
   5.10285633E-11
   1.55214953    
   1.85241759    
   1.10941434    
   2.30266428    
   25.4483147    
   5.66909124E-11
   1.43589246    
   1.82985198    
   1.07412779    
   2.28018093    
   25.4641399    
   6.28480878E-11
   1.30997038    
   1.80441260    
   1.03875065    
   2.25750709    
   25.4798603    
   6.95309990E-11
   1.17595971    
   1.77617872    
   1.00332737    
   2.23464918    
   25.4954624    
   7.67715752E-11
   1.03577471    
   1.74523890    
  0.967903078    
   2.21161413    
   25.5109653    
   8.46027207E-11
  0.891698539    
   1.71169114    
  0.932522118    
   2.18840790    
   25.5263519    
   9.30583041E-11
  0.746416092    
   1.67564297    
  0.897229552    
   2.16503716    
   25.5416317    
   1.02173131E-10
  0.603040695    
   1.63721049    
  0.862069607    
   2.14150810    
   25.5567989    
   1.11982985E-10
  0.465131581    
   1.59651852    
  0.827086687    
   2.11782765    
   25.5718613    
   1.22524518E-10
  0.336698800    
   1.55369973    
  0.792325139    
   2.09400177    
   25.5868053    
   1.33835373E-10
  0.222187102    
   1.50889456    
  0.757828534    
   2.07003760    
   25.6016464    
   1.45953957E-10
  0.126430959    
   1.46225071    
  0.723640382    
   2.04594159    
   25.6163712    
   1.58919641E-10
   5.45727909E-02
   1.41392243    
  0.689803600    
   2.02171993    
   25.6309910    
   1.72772560E-10
   1.19318645E-02
   1.36406994    
  0.656360865    
   1.99737942    
   25.6455002    
   1.87553695E-10
   3.81516875E-03
   1.31285942    
  0.623353958    
   1.97292697    
   25.6599007    
   2.03304776E-10
   3.52604128E-02
   1.26046193    
  0.590824366    
   1.94836903    
   25.6741867    
   2.20068325E-10
  0.110706836    
   1.20705295    
  0.558812916    
   1.92371202    
   25.6883583    
   2.37887571E-10
  0.233596236    
   1.15281129    
  0.527359486    
   1.89896321    
   25.7024269    
   2.56806409E-10
  0.405917645    
   1.09791970    
  0.496503532    
   1.87412870    
   25.7163792    
   2.76869444E-10
  0.627724767    
   1.04256320    
  0.466283441    
   1.84921527    
   25.7302189    
   2.98121999E-10
  0.896672726    
  0.986928105    
  0.436736822    
   1.82422960    
   25.7439518    
   3.20610094E-10
   1.20763779    
  0.931202590    
  0.407900512    
   1.79917836    
   25.7575703    
   3.44380580E-10
   1.55250084    
  0.875574946    
  0.379810154    
   1.77406859    
   25.7710819    
   3.69480863E-10
   1.92017126    
  0.820233405    
  0.352500588    
   1.74890685    
   25.7844791    
   3.95959515E-10
   2.29692316    
  0.765365362    
  0.326005518    
   1.72369933    
   25.7977638    
   4.23865942E-10
   2.66707301    
  0.711156487    
  0.300357640    
   1.69845331    
   25.8109379    
   4.53250659E-10
   3.01397729    
  0.657790303    
  0.275588483    
   1.67317522    
   25.8240013    
   4.84165263E-10
   3.32127237    
  0.605447590    
  0.251728356    
   1.64787185    
   25.8369484    
   5.16662824E-10
   3.57419968    
  0.554305494    
  0.228806406    
   1.62255001    
   25.8497906    
   5.50797297E-10
   3.76085329    
  0.504536629    
  0.206850648    
   1.59721589    
   25.8625183    
   5.86624138E-10
   3.87315297    
  0.456309408    
  0.185887635    
   1.57187676    
   25.8751316    
   6.24199636E-10
   3.90741682    
  0.409786284    
  0.165942758    
   1.54653871    
   25.8876305    
   6.63581357E-10
   3.86445999    
  0.365123957    
  0.147040009    
   1.52120876    
   25.9000206    
   7.04827363E-10
   3.74923539    
  0.322472423    
  0.129202038    
   1.49589372    
   25.9122982    
   7.47996498E-10
   3.57011294    
  0.281974614    
  0.112450138    
   1.47059965    
   25.9244652    
   7.93147881E-10
   3.33792567    
  0.243765801    
   9.68040973E-02
   1.44533372    
   25.9365177    
   8.40341019E-10
   3.06494164    
  0.207973197    
   8.22823495E-02
   1.42010188    
   25.9484577    
   8.89635254E-10
   2.76388597    
  0.174715385    
   6.89018369E-02
   1.39491141    
   25.9602833    
   9.41089984E-10
   2.44710922    
  0.144102037    
   5.66780418E-02
   1.36976838    
   25.9719963    
   9.94764382E-10
   2.12595677    
  0.116233461    
   4.56249490E-02
   1.34467936    
   25.9835968    
   1.05071751E-09
   1.81034935    
   9.12002027E-02
   3.57550383E-02
   1.31965089    
   25.9950886    
   1.10900855E-09
   1.50855756    
   6.90829679E-02
   2.70792842E-02
   1.29468977    
   26.0064602    
   1.16969545E-09
   1.22713971    
   4.99520972E-02
   1.96071081E-02
   1.26980221    
   26.0177231    
   1.23283683E-09
  0.970997036    
   3.38674895E-02
   1.33464290E-02
   1.24499452    
   26.0288734    
   1.29849120E-09
  0.743513763    
   2.08784007E-02
   8.30360781E-03
   1.22027349    
   26.0399055    
   1.36671652E-09
  0.546740770    
   1.10232783E-02
   4.48346836E-03
   1.19564497    
   26.0508270    
   1.43757073E-09
  0.381599754    
   4.32969164E-03
   1.88928924E-03
   1.17111588    
   26.0616398    
   1.51111201E-09
  0.248087600    
   8.14250030E-04
   5.22806833E-04
   1.14669204    
   26.0723305    
   1.58739821E-09
  0.145467743    
   4.82603064E-04
   3.84215760E-04
   1.12238002    
   26.0829124    
   1.66648673E-09
   7.24415183E-02
   3.32946214E-03
   1.47217547E-03
   1.09818602    
   26.0933857    
   1.74843617E-09
   2.72962078E-02
   9.33866762E-03
   3.78381694E-03
   1.07411623    
   26.1037350    
   1.83330451E-09
   8.02937429E-03
   1.84832998E-02
   7.31474999E-03
   1.05017686    
   26.1139755    
   1.92114924E-09
   1.24503318E-02
   3.07258181E-02
   1.20590786E-02
   1.02637410    
   26.1241016    
   2.01202877E-09
   3.82612571E-02
   4.60182503E-02
   1.80094037E-02
   1.00271392    
   26.1341152    
   2.10600160E-09
   8.31204578E-02
   6.43024221E-02
   2.51568537E-02
  0.979202509    
   26.1440144    
   2.20312590E-09
  0.144690558    
   8.55102092E-02
   3.34910862E-02
  0.955845773    
   26.1537991    
   2.30345965E-09
  0.220674157    
  0.109563798    
   4.30003107E-02
  0.932649851    
   26.1634693    
   2.40706144E-09
  0.308839560    
  0.136376098    
   5.36713190E-02
  0.909620583    
   26.1730232    
   2.51399013E-09
  0.407038301    
  0.165851012    
   6.54894859E-02
  0.886763930    
   26.1824703    
   2.62430433E-09
  0.513216376    
  0.197883844    
   7.84388185E-02
  0.864085674    
   26.1917953    
   2.73806267E-09
  0.625420928    
  0.232361734    
   9.25019532E-02
  0.841591597    
   26.2010078    
   2.85532442E-09
  0.741802931    
  0.269164115    
  0.107660234    
  0.819287539    
   26.2101059    
   2.97614799E-09
  0.860617518    
  0.308163106    
  0.123893648    
  0.797179043    
   26.2190895    
   3.10059289E-09
  0.980222702    
  0.349224091    
  0.141180992    
  0.775272012    
   26.2279606    
   3.22871863E-09
   1.09907639    
  0.392206132    
  0.159499675    
  0.753571749    
   26.2367134    
   3.36058403E-09
   1.21573222    
  0.436962485    
  0.178826123    
  0.732084095    
   26.2453556    
   3.49624907E-09
   1.32883751    
  0.483341277    
  0.199135393    
  0.710814416    
   26.2538795    
   3.63577302E-09
   1.43712687    
  0.531185985    
  0.220401496    
  0.689768016    
   26.2622948    
   3.77921650E-09
   1.53942072    
  0.580336034    
  0.242597356    
  0.668950558    
   26.2705879    
   3.92663724E-09
   1.63462079    
  0.630626917    
  0.265694797    
  0.648367047    
   26.2787724    
   4.07809830E-09
   1.72170770    
  0.681891561    
  0.289664626    
  0.628022909    
   26.2868366    
   4.23365742E-09
   1.79973924    
  0.733960509    
  0.314476699    
  0.607923508    
   26.2947884    
   4.39337722E-09
   1.86784887    
  0.786662400    
  0.340099871    
  0.588073730    
   26.3026257    
   4.55731586E-09
   1.92524505    
  0.839824319    
  0.366502196    
  0.568478703    
   26.3103447    
   4.72553685E-09
   1.97121346    
  0.893273294    
  0.393650770    
  0.549143493    
   26.3179493    
   4.89809837E-09
   2.00511789    
  0.946835816    
  0.421511948    
  0.530073106    
   26.3254433    
   5.07506437E-09
   2.02640462    
   1.00033927    
  0.450051248    
  0.511272430    
   26.3328190    
   5.25649435E-09
   2.03460693    
   1.05361176    
  0.479233563    
  0.492746145    
   26.3400784    
   5.44245049E-09
   2.02935028    
   1.10648310    
  0.509023011    
  0.474499255    
   26.3472252    
   5.63299452E-09
   2.01036477    
   1.15878522    
  0.539383054    
  0.456536174    
   26.3542557    
   5.82819037E-09
   1.97749174    
   1.21035290    
  0.570276797    
  0.438861698    
   26.3611717    
   6.02809758E-09
   1.93069816    
   1.26102376    
  0.601666570    
  0.421480328    
   26.3679676    
   6.23278140E-09
   1.87009287    
   1.31063938    
  0.633514285    
  0.404396534    
   26.3746510    
   6.44230580E-09
   1.79594207    
   1.35904539    
  0.665781379    
  0.387614787    
   26.3812218    
   6.65673161E-09
   1.70869291    
   1.40609217    
  0.698428988    
  0.371139318    
   26.3876781    
   6.87612500E-09
   1.60899520    
   1.45163465    
  0.731417775    
  0.354974419    
   26.3940144    
   7.10054948E-09
   1.49772871    
   1.49553382    
  0.764708221    
  0.339124322    
   26.4002323    
   7.33007210E-09
   1.37603283    
   1.53765631    
  0.798260689    
  0.323593140    
   26.4063396    
   7.56475593E-09
   1.24533844    
   1.57787490    
  0.832034826    
  0.308384866    
   26.4123306    
   7.80466891E-09
   1.10740173    
   1.61606884    
  0.865990639    
  0.293503463    
   26.4182072    
   8.04987721E-09
  0.964338124    
   1.65212429    
  0.900087893    
  0.278952807    
   26.4239674    
   8.30045099E-09
  0.818657100    
   1.68593514    
  0.934286237    
  0.264736682    
   26.4296093    
   8.55645510E-09
  0.673290908    
   1.71740198    
  0.968545318    
  0.250858814    
   26.4351406    
   8.81796147E-09
  0.531618595    
   1.74643350    
   1.00282466    
  0.237322867    
   26.4405518    
   9.08503850E-09
  0.397477269    
   1.77294648    
   1.03708434    
  0.224132374    
   26.4458466    
   9.35775990E-09
  0.275156498    
   1.79686522    
   1.07128429    
  0.211290792    
   26.4510288    
   9.63619939E-09
  0.169367105    
   1.81812286    
   1.10538423    
  0.198801503    
   26.4560928    
   9.92042715E-09
   8.51758495E-02
   1.83666098    
   1.13934469    
  0.186667860    
   26.4610443    
   1.02105222E-08
   2.78958865E-02
   1.85242939    
   1.17312646    
  0.174893007    
   26.4658775    
   1.05065583E-08
   2.92177987E-03
   1.86538708    
   1.20669007    
  0.163480133    
   26.4705944    
   1.08086189E-08
   1.54995201E-02
   1.87550080    
   1.23999703    
  0.152432248    
   26.4751968    
   1.11167795E-08
   7.04246014E-02
   1.88274693    
   1.27300882    
  0.141752332    
   26.4796829    
   1.14311245E-08
  0.171667099    
   1.88711011    
   1.30568767    
  0.131443232    
   26.4840508    
   1.17517400E-08
  0.321932584    
   1.88858414    
   1.33799613    
  0.121507749    
   26.4883041    
   1.20787078E-08
  0.522181451    
   1.88717103    
   1.36989737    
  0.111948557    
   26.4924412    
   1.24121202E-08
  0.771145880    
   1.88288212    
   1.40135479    
  0.102768242    
   26.4964638    
   1.27520652E-08
   1.06490386    
   1.87573612    
   1.43233275    
   9.39693302E-02
   26.5003719    
   1.30986324E-08
   1.39658260    
   1.86576152    
   1.46279645    
   8.55542272E-02
   26.5041637    
   1.34519160E-08
   1.75627673    
   1.85299420    
   1.49271131    
   7.75252506E-02
   26.5078335    
   1.38120093E-08
   2.13125324    
   1.83747840    
   1.52204347    
   6.98846355E-02
   26.5113945    
   1.41790100E-08
   2.50649357    
   1.81926692    
   1.55076015    
   6.26345053E-02
   26.5148335    
   1.45530077E-08
   2.86557412    
   1.79841924    
   1.57882905    
   5.57769164E-02
   26.5181637    
   1.49341002E-08
   3.19182849    
   1.77500367    
   1.60621893    
   4.93137948E-02
   26.5213718    
   1.53223798E-08
   3.46966052    
   1.74909484    
   1.63289952    
   4.32469957E-02
   26.5244637    
   1.57179407E-08
   3.68584824    
   1.72077465    
   1.65884066    
   3.75782773E-02
   26.5274448    
   1.61208717E-08
   3.83064580    
   1.69013238    
   1.68401432    
   3.23092788E-02
   26.5303020    
   1.65312706E-08
   3.89852500    
   1.65726364    
   1.70839214    
   2.74415594E-02
   26.5330524    
   1.69492207E-08
   3.88846517    
   1.62226951    
   1.73194766    
   2.29765829E-02
   26.5356789    
   1.73748109E-08
   3.80376768    
   1.58525801    
   1.75465488    
   1.89157035E-02
   26.5381985    
   1.78081301E-08
   3.65146661    
   1.54634249    
   1.77648926    
   1.52601795E-02
   26.5405922    
   1.82492563E-08
   3.44145131    
   1.50564098    
   1.79742694    
   1.20111722E-02
   26.5428734    
   1.86982856E-08
   3.18545771    
   1.46327698    
   1.81744504    
   9.16973688E-03
   26.5450420    
   1.91552960E-08
   2.89606118    
   1.41937840    
   1.83652234    
   6.73683500E-03
   26.5470905    
   1.96203729E-08
   2.58578300    
   1.37407744    
   1.85463810    
   4.71331831E-03
   26.5490227    
   2.00935997E-08
   2.26638150    
   1.32750964    
   1.87177300    
   3.09994328E-03
   26.5508404    
   2.05750563E-08
   1.94835019    
   1.27981424    
   1.88790870    
   1.89736031E-03
   26.5525455    
   2.10648388E-08
   1.64061952    
   1.23113358    
   1.90302825    
   1.10611843E-03
   26.5541267    
   2.15630234E-08
   1.35043347    
   1.18161249    
   1.91711593    
   7.26663275E-04
   26.5555992    
   2.20697061E-08
   1.08336055    
   1.13139796    
   1.93015671    
   7.59336574E-04
   26.5569553    
   2.25849668E-08
  0.843401968    
   1.08063865    
   1.94213748    
   1.20437623E-03
   26.5581913    
   2.31088961E-08
  0.633157969    
   1.02948499    
   1.95304525    
   2.06191558E-03
   26.5593147    
   2.36415847E-08
  0.454023987    
  0.978087783    
   1.96286964    
   3.33198253E-03
   26.5603199    
   2.41831284E-08
  0.306393653    
  0.926598907    
   1.97160006    
   5.01450198E-03
   26.5612087    
   2.47336178E-08
  0.189853907    
  0.875170112    
   1.97922862    
   7.10929092E-03
   26.5619831    
   2.52931471E-08
  0.103363246    
  0.823952913    
   1.98574781    
   9.61606298E-03
   26.5626411    
   2.58618087E-08
   4.54075560E-02
  0.773097992    
   1.99115109    
   1.25344228E-02
   26.5631828    
   2.64397038E-08
   1.41329188E-02
  0.722755015    
   1.99543357    
   1.58638731E-02
   26.5636120    
   2.70269283E-08
   7.45514035E-03
  0.673072278    
   1.99859190    
   1.96038038E-02
   26.5639191    
   2.76235852E-08
   2.31483262E-02
  0.624195814    
   2.00062346    
   2.37535052E-02
   26.5641155    
   2.82297741E-08
   5.89147583E-02
  0.576269686    
   2.00152731    
   2.83121578E-02
   26.5641975    
   2.88455961E-08
  0.112438761    
  0.529434800    
   2.00130320    
   3.32788303E-02
   26.5641613    
   2.94711562E-08
  0.181427300    
  0.483829588    
   1.99995279    
   3.86524871E-02
   26.5640068    
   3.01065661E-08
  0.263639510    
  0.439588338    
   1.99747849    
   4.44319919E-02
   26.5637398    
   3.07519166E-08
  0.356907487    
  0.396841884    
   1.99388397    
   5.06160967E-02
   26.5633583    
   3.14073318E-08
  0.459150434    
  0.355716825    
   1.98917437    
   5.72034381E-02
   26.5628567    
   3.20729114E-08
  0.568382859    
  0.316335052    
   1.98335576    
   6.41925484E-02
   26.5622444    
   3.27487761E-08
  0.682719469    
  0.278813720    
   1.97643578    
   7.15818629E-02
   26.5615120    
   3.34350219E-08
  0.800376415    
  0.243264690    
   1.96842337    
   7.93696940E-02
   26.5606651    
   3.41317765E-08
  0.919671059    
  0.209794253    
   1.95932722    
   8.75542611E-02
   26.5597038    
   3.48391431E-08
   1.03901887    
  0.178502977    
   1.94915962    
   9.61336493E-02
   26.5586262    
   3.55572496E-08
   1.15693176    
  0.149485260    
   1.93793190    
  0.105105869    
   26.5574360    
   3.62861989E-08
   1.27201355    
  0.122829072    
   1.92565775    
  0.114468791    
   26.5561275    
   3.70261226E-08
   1.38295591    
   9.86157954E-02
   1.91235113    
  0.124220222    
   26.5547047    
   3.77771343E-08
   1.48853624    
   7.69199133E-02
   1.89802790    
  0.134357810    
   26.5531635    
   3.85393548E-08
   1.58761275    
   5.78088164E-02
   1.88270462    
  0.144879118    
   26.5515099    
   3.93129085E-08
   1.67912245    
   4.13425528E-02
   1.86639881    
  0.155781597    
   26.5497417    
   4.00979125E-08
   1.76207852    
   2.75737047E-02
   1.84912920    
  0.167062610    
   26.5478554    
   4.08944985E-08
   1.83556890    
   1.65471695E-02
   1.83091593    
  0.178719401    
   26.5458584    
   4.17027977E-08
   1.89875627    
   8.30003805E-03
   1.81177902    
  0.190749064    
   26.5437450    
   4.25229238E-08
   1.95087755    
   2.86144507E-03
   1.79174078    
  0.203148693    
   26.5415154    
   4.33550120E-08
   1.99124658    
   2.52468075E-04
   1.77082372    
  0.215915143    
   26.5391712    
   4.41991901E-08
   2.01925707    
   4.86037461E-04
   1.74905121    
  0.229045242    
   26.5367088    
   4.50555966E-08
   2.03438616    
   3.56686371E-03
   1.72644830    
  0.242535695    
   26.5341320    
   4.59243594E-08
   2.03620005    
   9.49139055E-03
   1.70303988    
  0.256383121    
   26.5314445    
   4.68056172E-08
   2.02436423    
   1.82477664E-02
   1.67885244    
  0.270583987    
   26.5286427    
   4.76994941E-08
   1.99865019    
   2.98158489E-02
   1.65391302    
  0.285134673    
   26.5257225    
   4.86061360E-08
   1.95895028    
   4.41671945E-02
   1.62824965    
  0.300031483    
   26.5226822    
   4.95256813E-08
   1.90528941    
   6.12651408E-02
   1.60189056    
  0.315270633    
   26.5195370    
   5.04582687E-08
   1.83784425    
   8.10648277E-02
   1.57486582    
  0.330848157    
   26.5162716    
   5.14040437E-08
   1.75696218    
  0.103513300    
   1.54720449    
  0.346760005    
   26.5128956    
   5.23631449E-08
   1.66318369    
  0.128549635    
   1.51893830    
  0.363002092    
   26.5094051    
   5.33357110E-08
   1.55726933    
  0.156105027    
   1.49009800    
  0.379570097    
   26.5057945    
   5.43219016E-08
   1.44022715    
  0.186102957    
   1.46071577    
  0.396459788    
   26.5020733    
   5.53218591E-08
   1.31334555    
  0.218459427    
   1.43082428    
  0.413666606    
   26.4982376    
   5.63357254E-08
   1.17822599    
  0.253083020    
   1.40045655    
  0.431186140    
   26.4942856    
   5.73636640E-08
   1.03681970    
  0.289875269    
   1.36964595    
  0.449013650    
   26.4902191    
   5.84058242E-08
  0.891460657    
  0.328730822    
   1.33842683    
  0.467144489    
   26.4860401    
   5.94623550E-08
  0.744899809    
  0.369537741    
   1.30683374    
  0.485573590    
   26.4817486    
   6.05334236E-08
  0.600332022    
  0.412177712    
   1.27490139    
  0.504296362    
   26.4773369    
   6.16191898E-08
  0.461414307    
  0.456526399    
   1.24266505    
  0.523307502    
   26.4728146    
   6.27198204E-08
  0.332269192    
  0.502453804    
   1.21016026    
  0.542601943    
   26.4681797    
   6.38354649E-08
  0.217465028    
  0.549824655    
   1.17742312    
  0.562174439    
   26.4634323    
   6.49662937E-08
  0.121967196    
  0.598498583    
   1.14448953    
  0.582019687    
   26.4585686    
   6.61125057E-08
   5.10476679E-02
  0.648330569    
   1.11139584    
  0.602132261    
   26.4535923    
   6.72742502E-08
   1.01435026E-02
  0.699171662    
   1.07817864    
  0.622506618    
   26.4484997    
   6.84516834E-08
   4.65330621E-03
  0.750868797    
   1.04487443    
  0.643137217    
   26.4432945    
   6.96450400E-08
   3.96630690E-02
  0.803266048    
   1.01152015    
  0.664018214    
   26.4379787    
   7.08544619E-08
  0.119597502    
  0.856203854    
  0.978152394    
  0.685143948    
   26.4325447    
   7.20801481E-08
  0.247801393    
  0.909520805    
  0.944808125    
  0.706508517    
   26.4270020    
   7.33223047E-08
  0.426067322    
  0.963053465    
  0.911524057    
  0.728105843    
   26.4213409    
   7.45811093E-08
  0.654143214    
   1.01663685    
  0.878337026    
  0.749930024    
   26.4155693    
   7.58567538E-08
  0.929270446    
   1.07010484    
  0.845283628    
  0.771974742    
   26.4096832    
   7.71494584E-08
   1.24582243    
   1.12329113    
  0.812400341    
  0.794233918    
   26.4036865    
   7.84594079E-08
   1.59512448    
   1.17602921    
  0.779723823    
  0.816701055    
   26.3975735    
   7.97868083E-08
   1.96553624    
   1.22815323    
  0.747289836    
  0.839369833    
   26.3913498    
   8.11318799E-08
   2.34285736    
   1.27949858    
  0.715134621    
  0.862233877    
   26.3850117    
   8.24947932E-08
   2.71108007    
   1.32990193    
  0.683293521    
  0.885286450    
   26.3785629    
   8.38757757E-08
   3.05345488    
   1.37920249    
  0.651802123    
  0.908520937    
   26.3720016    
   8.52750333E-08
   3.35376358    
   1.42724180    
  0.620695353    
  0.931930661    
   26.3653259    
   8.66927508E-08
   3.59765339    
   1.47386444    
  0.590007544    
  0.955508709    
   26.3585358    
   8.81291271E-08
   3.77383780    
   1.51891971    
  0.559772968    
  0.979248345    
   26.3516350    
   8.95843471E-08
   3.87499857    
   1.56225944    
  0.530025482    
   1.00314260    
   26.3446236    
   9.10586238E-08
   3.89825845    
   1.60374188    
  0.500798106    
   1.02718425    
   26.3374939    
   9.25521064E-08
   3.84517956    
   1.64322960    
  0.472123474    
   1.05136633    
   26.3302593    
   9.40650082E-08
   3.72132444    
   1.68059075    
  0.444033653    
   1.07568169    
   26.3229084    
   9.55975139E-08
   3.53547788    
   1.71570027    
  0.416560173    
   1.10012317    
   26.3154449    
   9.71497727E-08
   3.29867911    
   1.74843955    
  0.389733851    
   1.12468302    
   26.3078709    
   9.87219479E-08
   3.02320147    
   1.77869678    
  0.363584816    
   1.14935446    
   26.3001823    
   1.00314267E-07
   2.72161126    
   1.80636764    
  0.338142514    
   1.17412972    
   26.2923870    
   1.01926865E-07
   2.40598440    
   1.83135605    
  0.313435704    
   1.19900119    
   26.2844734    
   1.03559898E-07
   2.08732319    
   1.85357440    
  0.289492309    
   1.22396159    
   26.2764549    
   1.05213566E-07
   1.77518284    
   1.87294304    
  0.266339540    
   1.24900317    
   26.2683220    
   1.06888031E-07
   1.47748029    
   1.88939190    
  0.244003639    
   1.27411819    
   26.2600784    
   1.08583457E-07
   1.20045614    
   1.90285945    
  0.222510129    
   1.29929888    
   26.2517185    
   1.10300029E-07
  0.948746026    
   1.91329455    
  0.201883554    
   1.32453775    
   26.2432537    
   1.12037903E-07
  0.725523651    
   1.92065573    
  0.182147577    
   1.34982657    
   26.2346725    
   1.13797256E-07
  0.532686353    
   1.92491066    
  0.163324922    
   1.37515748    
   26.2259865    
   1.15578288E-07
  0.371053249    
   1.92603779    
  0.145437390    
   1.40052295    
   26.2171879    
   1.17381134E-07
  0.240562961    
   1.92402661    
  0.128505692    
   1.42591453    
   26.2082767    
   1.19206000E-07
  0.140457243    
   1.91887546    
  0.112549610    
   1.45132434    
   26.1992493    
   1.21053048E-07
   6.94440231E-02
   1.91059446    
   9.75878239E-02
   1.47674453    
   26.1901169    
   1.22922444E-07
   2.58384719E-02
   1.89920318    
   8.36379677E-02
   1.50216651    
   26.1808739    
   1.24814406E-07
   7.68054463E-03
   1.88473320    
   7.07166269E-02
   1.52758265    
   26.1715240    
   1.26729063E-07
   1.28312754E-02
   1.86722493    
   5.88392317E-02
   1.55298448    
   26.1620598    
   1.28666642E-07
   3.90494689E-02
   1.84673011    
   4.80201207E-02
   1.57836378    
   26.1524830    
   1.30627285E-07
   8.40515941E-02
   1.82331085    
   3.82724777E-02
   1.60371232    
   26.1427994    
   1.32611206E-07
  0.145557418    
   1.79703844    
   2.96083279E-02
   1.62902200    
   26.1330032    
   1.34618560E-07
  0.221323848    
   1.76799548    
   2.20385231E-02
   1.65428412    
   26.1230984    
   1.36649561E-07
  0.309169352    
   1.73627317    
   1.55727193E-02
   1.67949069    
   26.1130848    
   1.38704365E-07
  0.406990618    
   1.70197237    
   1.02193728E-02
   1.70463300    
   26.1029606    
   1.40783143E-07
  0.512773454    
   1.66520309    
   5.98571729E-03
   1.72970319    
   26.0927258    
   1.42886108E-07
  0.624599159    
   1.62608433    
   2.87776394E-03
   1.75469255    
   26.0823841    
   1.45013445E-07
  0.740647197    
   1.58474350    
   9.00279963E-04
   1.77959275    
   26.0719299    
   1.47165323E-07
  0.859195888    
   1.54131520    
   5.67869138E-05
   1.80439544    
   26.0613670    
   1.49341901E-07
  0.978620768    
   1.49594212    
   3.49549635E-04
   1.82909179    
   26.0506954    
   1.51543418E-07
   1.09739244    
   1.44877446    
   1.77957094E-03
   1.85367382    
   26.0399151    
   1.53769989E-07
   1.21407270    
   1.39996803    
   4.34658630E-03
   1.87813306    
   26.0290279    
   1.56021869E-07
   1.32731175    
   1.34968519    
   8.04906059E-03
   1.90246093    
   26.0180264    
   1.58299173E-07
   1.43584442    
   1.29809320    
   1.28841829E-02
   1.92664921    
   26.0069180    
   1.60602127E-07
   1.53848624    
   1.24536490    
   1.88478697E-02
   1.95068896    
   25.9957066    
   1.62930903E-07
   1.63413155    
   1.19167686    
   2.59347595E-02
   1.97457242    
   25.9843807    
   1.65285712E-07
   1.72175026    
   1.13720918    
   3.41382250E-02
   1.99829054    
   25.9729500    
   1.67666656E-07
   1.80038595    
   1.08214545    
   4.34503555E-02
   2.02183509    
   25.9614086    
   1.70074017E-07
   1.86915565    
   1.02667081    
   5.38619906E-02
   2.04519820    
   25.9497585    
   1.72507896E-07
   1.92725015    
  0.970972776    
   6.53626919E-02
   2.06837082    
   25.9380035    
   1.74968505E-07
   1.97393441    
  0.915239453    
   7.79407769E-02
   2.09134483    
   25.9261398    
   1.77456030E-07
   2.00855088    
  0.859659314    
   9.15833265E-02
   2.11411214    
   25.9141655    
   1.79970627E-07
   2.03052235    
  0.804420412    
  0.106276162    
   2.13666415    
   25.9020863    
   1.82512494E-07
   2.03935814    
  0.749709606    
  0.122003905    
   2.15899253    
   25.8899002    
   1.85081831E-07
   2.03466082    
  0.695712447    
  0.138749957    
   2.18108940    
   25.8776035    
   1.87678779E-07
   2.01613569    
  0.642611325    
  0.156496510    
   2.20294642    
   25.8652020    
   1.90303524E-07
   1.98360169    
  0.590586305    
  0.175224572    
   2.22455525    
   25.8526936    
   1.92956250E-07
   1.93700397    
  0.539813221    
  0.194914058    
   2.24590778    
   25.8400764    
   1.95637142E-07
   1.87643290    
  0.490463614    
  0.215543598    
   2.26699591    
   25.8273525    
   1.98346385E-07
   1.80213916    
  0.442704141    
  0.237090796    
   2.28781176    
   25.8145218    
   2.01084120E-07
   1.71455812    
  0.396695584    
  0.259532154    
   2.30834770    
   25.8015881    
   2.03850561E-07
   1.61433411    
  0.352592885    
  0.282843053    
   2.32859516    
   25.7885437    
   2.06645879E-07
   1.50234866    
  0.310543954    
  0.306997776    
   2.34854650    
   25.7753925    
   2.09470201E-07
   1.37975097    
  0.270689487    
  0.331969649    
   2.36819410    
   25.7621384    
   2.12323798E-07
   1.24799228    
  0.233162463    
  0.357730925    
   2.38753009    
   25.7487793    
   2.15206754E-07
   1.10886025    
  0.198087588    
  0.384252965    
   2.40654635    
   25.7353134    
   2.18119325E-07
  0.964516044    
  0.165580869    
  0.411505997    
   2.42523623    
   25.7217369    
   2.21061654E-07
  0.817529023    
  0.135749191    
  0.439459622    
   2.44359159    
   25.7080593    
   2.24033911E-07
  0.670907438    
  0.108690061    
  0.468082190    
   2.46160460    
   25.6942730    
   2.27036310E-07
  0.528122485    
   8.44911337E-02
  0.497341454    
   2.47926879    
   25.6803837    
   2.30068991E-07
  0.393118978    
   6.32300377E-02
  0.527204275    
   2.49657631    
   25.6663876    
   2.33132184E-07
  0.270307422    
   4.49740514E-02
  0.557636559    
   2.51352024    
   25.6522884    
   2.36226086E-07
  0.164528802    
   2.97799334E-02
  0.588603854    
   2.53009295    
   25.6380863    
   2.39350868E-07
   8.09825659E-02
   1.76937431E-02
  0.620070577    
   2.54628825    
   25.6237774    
   2.42506644E-07
   2.51074154E-02
   8.75070691E-03
  0.652000546    
   2.56209850    
   25.6093597    
   2.45693769E-07
   2.40327953E-03
   2.97513627E-03
  0.684357285    
   2.57751703    
   25.5948448    
   2.48912386E-07
   1.81850158E-02
   3.80390062E-04
  0.717103302    
   2.59253764    
   25.5802193    
   2.52162579E-07
   7.72615224E-02
   9.68864071E-04
  0.750200629    
   2.60715294    
   25.5654945    
   2.55444718E-07
  0.183540657    
   4.73203324E-03
  0.783610880    
   2.62135696    
   25.5506630    
   2.58758973E-07
  0.339571655    
   1.16505306E-02
  0.817295194    
   2.63514328    
   25.5357246    
   2.62105573E-07
  0.546050847    
   2.16942690E-02
  0.851214468    
   2.64850569    
   25.5206833    
   2.65484715E-07
  0.801335335    
   3.48225981E-02
  0.885328650    
   2.66143751    
   25.5055428    
   2.68896628E-07
   1.10102832    
   5.09844869E-02
  0.919597864    
   2.67393351    
   25.4902973    
   2.72341538E-07
   1.43771315    
   7.01187924E-02
  0.953981876    
   2.68598700    
   25.4749470    
   2.75819787E-07
   1.80092108    
   9.21544880E-02
  0.988439977    
   2.69759321    
   25.4594955    
   2.79331431E-07
   2.17740226    
  0.117010996    
   1.02293134    
   2.70874524    
   25.4439373    
   2.82876812E-07
   2.55174565    
  0.144598514    
   1.05741501    
   2.71943903    
   25.4282780    
   2.86456157E-07
   2.90732980    
  0.174818367    
   1.09185016    
   2.72966814    
   25.4125175    
   2.90069721E-07
   3.22753358    
  0.207563415    
   1.12619555    
   2.73942804    
   25.3966560    
   2.93717591E-07
   3.49707007    
  0.242718488    
   1.16041017    
   2.74871349    
   25.3806877    
   2.97400135E-07
   3.70326257    
  0.280160785    
   1.19445300    
   2.75751901    
   25.3646221    
   3.01117467E-07
   3.83708239    
  0.319760472    
   1.22828293    
   2.76584077    
   25.3484535    
   3.04869815E-07
   3.89380336    
  0.361380994    
   1.26185930    
   2.77367353    
   25.3321781    
   3.08657263E-07
   3.87318611    
  0.404879630    
   1.29514146    
   2.78101349    
   25.3158054    
   3.12480125E-07
   3.77920246    
  0.450108230    
   1.32808900    
   2.78785563    
   25.2993298    
   3.16338486E-07
   3.61938095    
  0.496913463    
   1.36066198    
   2.79419661    
   25.2827530    
   3.20232459E-07
   3.40389752    
  0.545137405    
   1.39282048    
   2.80003166    
   25.2660751    
   3.24162329E-07
   3.14456940    
  0.594618380    
   1.42452538    
   2.80535817    
   25.2492962    
   3.28128095E-07
   2.85387182    
  0.645191312    
   1.45573759    
   2.81017137    
   25.2324123    
   3.32129957E-07
   2.54409313    
  0.696688175    
   1.48641884    
   2.81446838    
   25.2154293    
   3.36168085E-07
   2.22666931    
  0.748939037    
   1.51653147    
   2.81824636    
   25.1983509    
   3.40242508E-07
   1.91173506    
  0.801771879    
   1.54603791    
   2.82150173    
   25.1811695    
   3.44353452E-07
   1.60786080    
  0.855014205    
   1.57490182    
   2.82423210    
   25.1638870    
   3.48501032E-07
   1.32195771    
  0.908492208    
   1.60308719    
   2.82643414    
   25.1465034    
   3.52685475E-07
   1.05930793    
  0.962033331    
   1.63055885    
   2.82810616    
   25.1290226    
   3.56906696E-07
  0.823681355    
   1.01546466    
   1.65728247    
   2.82924581    
   25.1114368    
   3.61165007E-07
  0.617502689    
   1.06861496    
   1.68322444    
   2.82985044    
   25.0937576    
   3.65460551E-07
  0.442045361    
   1.12131476    
   1.70835185    
   2.82991838    
   25.0759773    
   3.69793412E-07
  0.297627836    
   1.17339671    
   1.73263359    
   2.82944870    
   25.0580940    
   3.74163733E-07
  0.183801591    
   1.22469628    
   1.75603831    
   2.82843924    
   25.0401134    
   3.78571769E-07
   9.95206684E-02
   1.27505255    
   1.77853632    
   2.82688856    
   25.0220337    
   3.83017550E-07
   4.32906635E-02
   1.32430828    
   1.80009913    
   2.82479620    
   25.0038586    
   3.87501302E-07
   1.32942647E-02
   1.37231028    
   1.82069874    
   2.82216120    
   24.9855843    
   3.92023111E-07
   7.49523053E-03
   1.41891050    
   1.84030890    
   2.81898308    
   24.9672070    
   3.96583204E-07
   2.37222128E-02
   1.46396530    
   1.85890412    
   2.81526065    
   24.9487362    
   4.01181751E-07
   5.97348921E-02
   1.50733793    
   1.87646055    
   2.81099486    
   24.9301682    
   4.05818895E-07
  0.113275006    
   1.54889619    
   1.89295483    
   2.80618501    
   24.9114952    
   4.10494749E-07
  0.182104781    
   1.58851504    
   1.90836549    
   2.80083179    
   24.8927307    
   4.15209655E-07
  0.264035046    
   1.62607574    
   1.92267227    
   2.79493570    
   24.8738670    
   4.19963527E-07
  0.356945097    
   1.66146719    
   1.93585634    
   2.78849697    
   24.8549061    
   4.24756763E-07
  0.458795935    
   1.69458437    
   1.94789982    
   2.78151703    
   24.8358479    
   4.29589448E-07
  0.567638636    
   1.72533095    
   1.95878625    
   2.77399707    
   24.8166962    
   4.34461754E-07
  0.681618690    
   1.75361800    
   1.96850109    
   2.76593804    
   24.7974434    
   4.39373878E-07
  0.798977673    
   1.77936387    
   1.97703123    
   2.75734234    
   24.7780952    
   4.44325934E-07
  0.918052435    
   1.80249631    
   1.98436403    
   2.74821138    
   24.7586479    
   4.49318179E-07
   1.03727400    
   1.82295072    
   1.99048972    
   2.73854709    
   24.7391071    
   4.54350811E-07
   1.15516365    
   1.84067059    
   1.99539900    
   2.72835207    
   24.7194710    
   4.59423916E-07
   1.27033091    
   1.85560894    
   1.99908423    
   2.71762919    
   24.6997414    
   4.64537862E-07
   1.38146913    
   1.86772656    
   2.00153995    
   2.70638037    
   24.6799107    
   4.69692623E-07
   1.48735237    
   1.87699378    
   2.00276160    
   2.69460940    
   24.6599884    
   4.74888566E-07
   1.58683300    
   1.88338876    
   2.00274634    
   2.68231964    
   24.6399670    
   4.80125721E-07
   1.67883825    
   1.88689947    
   2.00149298    
   2.66951442    
   24.6198540    
   4.85404371E-07
   1.76236916    
   1.88752151    
   1.99900198    
   2.65619755    
   24.5996456    
   4.90724801E-07
   1.83649862    
   1.88526011    
   1.99527478    
   2.64237261    
   24.5793381    
   4.96087011E-07
   1.90037143    
   1.88012779    
   1.99031544    
   2.62804437    
   24.5589447    
   5.01491400E-07
   1.95320535    
   1.87214744    
   1.98412812    
   2.61321712    
   24.5384502    
   5.06938079E-07
   1.99429321    
   1.86134911    
   1.97672045    
   2.59789538    
   24.5178642    
   5.12427164E-07
   2.02300596    
   1.84777164    
   1.96810007    
   2.58208418    
   24.4971828    
   5.17958938E-07
   2.03879666    
   1.83146071    
   1.95827675    
   2.56578922    
   24.4764061    
   5.23533572E-07
   2.04120827    
   1.81247199    
   1.94726157    
   2.54901505    
   24.4555378    
