   0.0000000000000000     
   2.1543819638168378     
   1.3817198151207992     
   1.0348120127422800     
  0.58377199562339110     
  0.20141283959728745     
   5.6297857415956125E-013
   2.1083097635839825     
   1.3832184857066436     
   1.0351566671727084     
  0.58307976997747701     
  0.20138780788299179     
   2.2520469398110143E-012
   2.0655603960759801     
   1.3847221420090876     
   1.0354901378985488     
  0.58239391132887675     
  0.20136276007532294     
   5.0673794101848433E-012
   2.0260745051164317     
   1.3862296143672679     
   1.0358123056439301     
  0.58171443936586309     
  0.20133769624103628     
   9.0090798457561597E-012
   1.9897905702301959     
   1.3877397225668213     
   1.0361230550357095     
  0.58104137335859607     
  0.20131261644687534     
   1.4077138813530317E-011
   1.9566468401023904     
   1.3892512766961851     
   1.0364222746647163     
  0.58037473216520596     
  0.20128752075957118     
   2.0271395503464303E-011
   1.9265828734776167     
   1.3907630780342382     
   1.0367098571451194     
  0.57971453423783437     
  0.20126240924584132     
   2.7591504115699427E-011
   1.8995407587272473     
   1.3922739199690413     
   1.0369856991718580     
  0.57906079762864637     
  0.20123728197238921     
   3.6036904413978418E-011
   1.8754660722475185     
   1.3937825889473354     
   1.0372497015760782     
  0.57841353999582046     
  0.20121213900590329     
   4.5606796145366966E-011
   1.8543086259893968     
   1.3952878654543621     
   1.0375017693785225     
  0.57777277860952581     
  0.20118698041305633     
   5.6300117046405904E-011
   1.8360230457900433     
   1.3967885250234571     
   1.0377418118408135     
  0.57713853035789731     
  0.20116180626050487     
   6.8115524185564820E-011
   1.8205692147152921     
   1.3982833392747744     
   1.0379697425145875     
  0.57651081175301344     
  0.20113661661488832     
   8.1051378427552560E-011
   1.8079126092248350     
   1.3997710769823879     
   1.0381854792884204     
  0.57588963893688605     
  0.20111141154282869     
   9.5105731844146183E-011
   1.7980245505054517     
   1.4012505051688990     
   1.0383889444325076     
  0.57527502768746674     
  0.20108619111092982     
   1.1027631793715256E-010
   1.7908823886438408     
   1.4027203902265917     
   1.0385800646410455     
  0.57466699342467298     
  0.20106095538577698     
   1.2656054458102301E-010
   1.7864696332918681     
   1.4041794990640368     
   1.0387587710722810     
  0.57406555121643887     
  0.20103570443393645     
   1.4395548963509962E-010
   1.7847760409817908     
   1.4056266002769604     
   1.0389249993861809     
  0.57347071578478681     
  0.20101043832195520     
   1.6245789921842064E-010
   1.7857976661532584     
   1.4070604653420695     
   1.0390786897796926     
  0.57288250151192410     
  0.20098515711636061     
   1.8206418868363110E-010
   1.7895368801410008     
   1.4084798698324124     
   1.0392197870195587     
  0.57230092244635578     
  0.20095986088366011     
   2.0277044637115294E-010
   1.7960023597314589     
   1.4098835946527528     
   1.0393482404726540     
  0.57172599230901233     
  0.20093454969034116     
   2.2457244027078057E-010
   1.8052090443216156     
   1.4112704272933174     
   1.0394640041338221     
  0.57115772449938251     
  0.20090922360287125     
   2.4746562776569934E-010
   1.8171780580988106     
   1.4126391631001718     
   1.0395670366511827     
  0.57059613210164395     
  0.20088388268769763     
   2.7144516868395758E-010
   1.8319365909004430     
   1.4139886065603786     
   1.0396573013488906     
  0.57004122789077938     
  0.20085852701124754     
   2.9650594193490692E-010
   1.8495177283977091     
   1.4153175725999763     
   1.0397347662473293     
  0.56949302433866822     
  0.20083315663992846     
   3.2264256606309551E-010
   1.8699602188629634     
   1.4166248878927348     
   1.0397994040807239     
  0.56895153362013784     
  0.20080777164012795     
   3.4984942410922911E-010
   1.8933081599038422     
   1.4179093921775250     
   1.0398511923121625     
  0.56841676761896387     
  0.20078237207821431     
   3.7812069322627209E-010
   1.9196105840492037     
   1.4191699395820674     
   1.0398901131460185     
  0.56788873793380101     
  0.20075695802053667     
   4.0745037955691239E-010
   1.9489209168159316     
   1.4204053999507222     
   1.0399161535377712     
  0.56736745588403248     
  0.20073152953342549     
   4.3783235893376941E-010
   1.9812962747325948     
   1.4216146601739033     
   1.0399293052012224     
  0.56685293251552227     
  0.20070608668319301     
   4.6926042401161866E-010
   2.0167965636115914     
   1.4227966255166187     
   1.0399295646131148     
  0.56634517860625566     
  0.20068062953613372     
   5.0172833847518687E-010
   2.0554833290299679     
   1.4239502209435733     
   1.0399169330151563     
  0.56584420467185481     
  0.20065515815852497     
   5.3522989897748430E-010
   2.0974183014258188     
   1.4250743924381941     
   1.0398914164134654     
  0.56535002097095810     
  0.20062967261662745     
   5.6975900543910182E-010
   2.1426615674431004     
   1.4261681083128857     
   1.0398530255754475     
  0.56486263751044996     
  0.20060417297668620     
   6.0530974026030540E-010
   2.1912692872922559     
   1.4272303605077625     
   1.0398017760241252     
  0.56438206405053681     
  0.20057865930493093     
   6.4187645684054344E-010
   2.2432908652713106     
   1.4282601658750795     
   1.0397376880299449     
  0.56390831010965781     
  0.20055313166757696     
   6.7945387753163865E-010
   2.2987654678582827     
   1.4292565674465179     
   1.0396607866000851     
  0.56344138496922924     
  0.20052759013082602     
   7.1803720072938260E-010
   2.3577177720461475     
   1.4302186356804834     
   1.0395711014652989     
  0.56298129767822147     
  0.20050203476086687     
   7.5762221618067455E-010
   2.4201528176034652     
   1.4311454696865413     
   1.0394686670643247     
  0.56252805705756770     
  0.20047646562387636     
   7.9820542668588939E-010
   2.4860498333581558     
   1.4320361984241083     
   1.0393535225259090     
  0.56208167170441059     
  0.20045088278602019     
   8.3978417313542505E-010
   2.5553549132463313     
   1.4328899818725258     
   1.0392257116484802     
  0.56164214999619388     
  0.20042528631345380     
   8.8235675815744938E-010
   2.6279724380433294     
   1.4337060121696588     
   1.0390852828775228     
  0.56120950009460902     
  0.20039967627232325     
   9.2592256149853174E-010
   2.7037551804227564     
   1.4344835147161725     
   1.0389322892807034     
  0.56078372994940995     
  0.20037405272876618     
   9.7048213756240975E-010
   2.7824931031008449     
   1.4352217492427051     
   1.0387667885208043     
  0.56036484730210956     
  0.20034841574891266     
   1.0160372823014611E-009
   2.8639009726812161     
   1.4359200108371812     
   1.0385888428265182     
  0.55995285968957798     
  0.20032276539888627     
   1.0625910529967133E-009
   2.9476050763947739     
   1.4365776309295879     
   1.0383985189611651     
  0.55954777444755677     
  0.20029710174480478     
   1.1101477206412498E-009
   3.0331295548567043     
   1.4371939782316134     
   1.0381958881893911     
  0.55914959871411141     
  0.20027142485278118     
   1.1587126311565966E-009
   3.1198831560680738     
   1.4377684596286429     
   1.0379810262419054     
  0.55875833943303954     
  0.20024573478892466     
   1.2082919493240269E-009
   3.2071475689266231     
   1.4383005210217101     
   1.0377540132783132     
  0.55837400335725296     
  0.20022003161934115     
   1.2588922592533191E-009
   3.2940688860553911     
   1.4387896481171416     
   1.0375149338480958     
  0.55799659705215032     
  0.20019431541013433     
   1.3105199989112985E-009
   3.3796541281436268     
   1.4392353671617557     
   1.0372638768497775     
  0.55762612689899715     
  0.20016858622740588     
   1.3631807153195004E-009
   3.4627750555636583     
   1.4396372456216646     
   1.0370009354883163     
  0.55726259909832254     
  0.20014284413725622     
   1.4168781429249408E-009
   3.5421815848293297     
   1.4399948928028805     
   1.0367262072307297     
  0.55690601967334374     
  0.20011708920578464     
   1.4716131309637067E-009
   3.6165268812381464     
   1.4403079604121469     
   1.0364397937599534     
  0.55655639447342431     
  0.20009132149908923     
   1.5273824753982291E-009
   3.6844054824246855     
   1.4405761430566226     
   1.0361418009269010     
  0.55621372917756695     
  0.20006554108326674     
   1.5841777438912990E-009
   3.7444045389545018     
   1.4407991786812864     
   1.0358323387006638     
  0.55587802929793806     
  0.20003974802441193     
   1.6419842122516128E-009
   3.7951664670747598     
   1.4409768489431820     
   1.0355115211167427     
  0.55554930018341986     
  0.20001394238861681     
   1.7007800496327812E-009
   3.8354591907732858     
   1.4411089795219052     
   1.0351794662231684     
  0.55522754702317800     
  0.19998812424196949     
   1.7605358888540355E-009
   3.8642480847197360     
   1.4411954403660117     
   1.0348362960243054     
  0.55491277485023016     
  0.19996229365055293     
   1.8212148913648693E-009
   3.8807622289618906     
   1.4412361458753353     
   1.0344821364220809     
  0.55460498854499751     
  0.19993645068044341     
   1.8827733630707804E-009
   3.8845471645999616     
   1.4412310550195147     
   1.0341171171543195     
  0.55430419283881605     
  0.19991059539770914     
   1.9451619046124924E-009
   3.8754973290583008     
   1.4411801713933330     
   1.0337413717298012     
  0.55401039231738602     
  0.19988472786840900     
   2.0083270019752574E-009
   3.8538637349680451     
   1.4410835432097913     
   1.0333550373596143     
  0.55372359142412919     
  0.19985884815859120     
   2.0722128981549756E-009
   3.8202358165085104     
   1.4409412632321135     
   1.0329582548843155     
  0.55344379446343328     
  0.19983295633429271     
   2.1367635494599254E-009
   3.7754999704078211     
   1.4407534686461307     
   1.0325511686963957     
  0.55317100560375621     
  0.19980705246153857     
   2.2019244688306041E-009
   3.7207803547147633     
   1.4405203408746947     
   1.0321339266575433     
  0.55290522888057503     
  0.19978113660634186     
   2.2676442913065708E-009
   3.6573693508191756     
   1.4402421053358792     
   1.0317066800102213     
  0.55264646819916785     
  0.19975520883470374     
   2.3338759528496783E-009
   3.5866554853238153     
   1.4399190311467487     
   1.0312695832831558     
  0.55239472733722583     
  0.19972926921261405     
   2.4005774382418414E-009
   3.5100556901890316     
   1.4395514307743569     
   1.0308227941904413     
  0.55215000994730556     
  0.19970331780605183     
   2.4677121125900171E-009
   3.4289569816522447     
   1.4391396596353800     
   1.0303664735241413     
  0.55191231955913866     
  0.19967735468098588     
   2.5352486944895303E-009
   3.3446704947358237     
   1.4386841156453720     
   1.0299007850404798     
  0.55168165958182280     
  0.19965137990337545     
   2.6031609533866998E-009
   3.2583987901709532     
   1.4381852387180194     
   1.0294258953399913     
  0.55145803330592336     
  0.19962539353917086     
   2.6714272204676471E-009
   3.1712157600256745     
   1.4376435102140426     
   1.0289419737422996     
  0.55124144390550955     
  0.19959939565431387     
   2.7400297958817656E-009
   3.0840574197606916     
   1.4370594523385025     
   1.0284491921565220     
  0.55103189444014888     
  0.19957338631473773     
   2.8089543206666597E-009
   2.9977213643804301     
   1.4364336274843474     
   1.0279477249486471     
  0.55082938785687019     
  0.19954736558636738     
   2.8781891642076001E-009
   2.9128725755977403     
   1.4357666375191782     
   1.0274377488075226     
  0.55063392699209857     
  0.19952133353511939     
   2.9477248609519976E-009
   2.8300534569380282     
   1.4350591230115670     
   1.0269194426113777     
  0.55044551457355817     
  0.19949529022690135     
   3.0175536154686076E-009
   2.7496963155361347     
   1.4343117623930899     
   1.0263929872969675     
  0.55026415322212785     
  0.19946923572761172     
   3.0876688836415219E-009
   2.6721369032633771     
   1.4335252710527080     
   1.0258585657335140     
  0.55008984545363748     
  0.19944317010313914     
   3.1580650298404840E-009
   2.5976280097726199     
   1.4327004003614718     
   1.0253163626035473     
  0.54992259368058882     
  0.19941709341936173     
   3.2287370548679245E-009
   2.5263524296943114     
   1.4318379366277114     
   1.0247665642925337     
  0.54976240021378742     
  0.19939100574214649     
   3.2996803867202498E-009
   2.4584348911262270     
   1.4309386999856857     
   1.0242093587887950     
  0.54960926726387804     
  0.19936490713734828     
   3.3708907250790416E-009
   2.3939527323939629     
   1.4300035432235800     
   1.0236449355946917     
  0.54946319694277879     
  0.19933879767080931     
   3.4423639304145383E-009
   2.3329452561622768     
   1.4290333505590851     
   1.0230734856493959     
  0.54932419126501231     
  0.19931267740835809     
   3.5140959492057371E-009
   2.2754217848650642     
   1.4280290363719250     
   1.0224952012628945     
  0.54919225214893796     
  0.19928654641580870     
   3.5860827677441799E-009
   2.2213684999884986     
   1.4269915439024277     
   1.0219102760601755     
  0.54906738141788769     
  0.19926040475895998     
   3.6583203880793641E-009
   2.1707541797739225     
   1.4259218439237205     
   1.0213189049339875     
  0.54894958080121359     
  0.19923425250359453     
   3.7308048207492453E-009
   2.1235349634750014     
   1.4248209333931372     
   1.0207212840041460     
  0.54883885193525184     
  0.19920808971547813     
   3.8035320899436611E-009
   2.0796582716768359     
   1.4236898340865913     
   1.0201176105811416     
  0.54873519636420964     
  0.19918191646035877     
   3.8764982476349263E-009
   2.0390660060128822     
   1.4225295912186142     
   1.0195080831318013     
  0.54863861554098026     
  0.19915573280396609     
   3.9496993939667679E-009
   2.0016971412109381     
   1.4213412720505332     
   1.0188929012449024     
  0.54854911082789271     
  0.19912953881201048     
   4.0231317018235185E-009
   1.9674898100294751     
   1.4201259644896793     
   1.0182722655949539     
  0.54846668349739647     
  0.19910333455018236     
   4.0967914440175055E-009
   1.9363829687922585     
   1.4188847756831604     
   1.0176463779027229     
  0.54839133473268864     
  0.19907712008415149     
   4.1706750219488186E-009
   1.9083177188043168     
   1.4176188306102580     
   1.0170154408915046     
  0.54832306562828292     
  0.19905089547956634     
   4.2447789949239052E-009
   1.8832383474471708     
   1.4163292706777544     
   1.0163796582385261     
  0.54826187719052299     
  0.19902466080205342     
   4.3191001095826791E-009
   1.8610931424468720     
   1.4150172523223485     
   1.0157392345212399     
  0.54820777033804213     
  0.19899841611721658     
   4.3936353290917816E-009
   1.8418350237513763     
   1.4136839456239472     
   1.0150943751585579     
  0.54816074590216912     
  0.19897216149063637     
   4.4683818619257441E-009
   1.8254220296046582     
   1.4123305329330551     
   1.0144452863473188     
  0.54812080462728174     
  0.19894589698786963     
   4.5433371901883232E-009
   1.8118176866644342     
   1.4109582075149083     
   1.0137921749944472     
  0.54808794717110598     
  0.19891962267444865     
   4.6184990975312115E-009
   1.8009912882496990     
   1.4095681722124307     
   1.0131352486453729     
  0.54806217410496438     
  0.19889333861588077     
   4.6938656968135827E-009
   1.7929180998837768     
   1.4081616381296482     
   1.0124747154093434     
  0.54804348591396956     
  0.19886704487764778     
   4.7694354577191488E-009
   1.7875795070785359     
   1.4067398233368251     
   1.0118107838822676     
  0.54803188299716565     
  0.19884074152520539     
   4.8452072346118147E-009
   1.7849631166514250     
   1.4053039515983290     
   1.0111436630677209     
  0.54802736566761567     
  0.19881442862398263     
   4.9211802949707653E-009
   1.7850628196525116     
   1.4038552511240652     
   1.0104735622967040     
  0.54802993415243439     
  0.19878810623938148     
   4.9973543488034572E-009
   1.7878788210848113     
   1.4023949533452114     
   1.0098006911466888     
  0.54803958859276725     
  0.19876177443677620     
   5.0737295794933368E-009
   1.7934176389157757     
   1.4009242917149187     
   1.0091252593604263     
  0.54805632904371482     
  0.19873543328151308     
   5.1503066765999166E-009
   1.8016920722933427     
   1.3994445005346168     
   1.0084474767649305     
  0.54808015547420053     
  0.19870908283890981     
   5.2270868711937849E-009
   1.8127211362913687     
   1.3979568138065468     
   1.0077675531909831     
  0.54811106776678331     
  0.19868272317425500     
   5.3040719743793218E-009
   1.8265299578113541     
   1.3964624641131262     
   1.0070856983934480     
  0.54814906571741417     
  0.19865635435280782     
   5.3812644197338446E-009
   1.8431496243522500     
   1.3949626815237459     
   1.0064021219726305     
  0.54819414903513575     
  0.19862997643979749     
   5.4586673104737817E-009
   1.8626169741150598     
   1.3934586925295682     
   1.0057170332968643     
  0.54824631734172424     
  0.19860358950042303     
   5.5362844722453331E-009
   1.8849743122144333     
   1.3919517190068829     
   1.0050306414264731     
  0.54830557017127535     
  0.19857719359985260     
   5.6141205125270037E-009
   1.9102690334983801     
   1.3904429772095241     
   1.0043431550392099     
  0.54837190696972926     
  0.19855078880322327     
   5.6921808877209500E-009
   1.9385531274952752     
   1.3889336767908169     
   1.0036547823572566     
  0.54844532709434102     
  0.19852437517564062     
   5.7704719790934993E-009
   1.9698825351757072     
   1.3874250198554599     
   1.0029657310758344     
  0.54852582981308862     
  0.19849795278217836     
   5.8490011787938655E-009
   2.0043163203982450     
   1.3859182000416961     
   1.0022762082934609     
  0.54861341430402422     
  0.19847152168787788     
   5.9277769872211682E-009
   2.0419156109787693     
   1.3844144016340509     
   1.0015864204438714     
  0.54870807965456481     
  0.19844508195774813     
   6.0068091230052395E-009
   2.0827422551905093     
   1.3829147987068462     
   1.0008965732296085     
  0.54880982486072294     
  0.19841863365676510     
   6.0861086467904612E-009
   2.1268571291365483     
   1.3814205542986320     
   1.0002068715572798     
  0.54891864882627794     
  0.19839217684987159     
   6.1656880998292669E-009
   2.1743180189164382     
   1.3799328196175888     
  0.99951751947447254     
  0.54903455036188509     
  0.19836571160197689     
   6.2455616580552554E-009
   2.2251769890874495     
   1.3784527332778937     
  0.99882872010830659     
  0.54915752818412522     
  0.19833923797795655     
   6.3257453017530767E-009
   2.2794771361237509     
   1.3769814205669533     
  0.99814067560561015     
  0.54928758091449226     
  0.19831275604265228     
   6.4062570000928854E-009
   2.3372486133325778     
   1.3755199927433441     
  0.99745358707469500     
  0.54942470707831847     
  0.19828626586087142     
   6.4871169085507873E-009
   2.3985038035047364     
   1.3740695463652239     
  0.99676765452870697     
  0.54956890510363943     
  0.19825976749738697     
   6.5683475754721762E-009
   2.4632315097730899     
   1.3726311626489087     
  0.99608307683052766     
  0.54972017331999379     
  0.19823326101693756     
   6.6499741516131040E-009
   2.5313900371191420     
   1.3712059068572497     
  0.99540005163920298     
  0.54987850995716314     
  0.19820674648422701     
   6.7320245932677878E-009
   2.6028990514699863     
   1.3697948277173762     
  0.99471877535787123     
  0.55004391314384693     
  0.19818022396392454     
   6.8145298454207323E-009
   2.6776301367800892     
   1.3683989568673107     
  0.99403944308316783     
  0.55021638090627478     
  0.19815369352066467     
   6.8975239861568781E-009
   2.7553960311158656     
   1.3670193083309234     
  0.99336224855607802     
  0.55039591116675490     
  0.19812715521904711     
   6.9810443073310477E-009
   2.8359386204618655     
   1.3656568780206231     
  0.99268738411421764     
  0.55058250174215873     
  0.19810060912363708     
   7.0651312994315304E-009
   2.9189159146756714     
   1.3643126432671437     
  0.99201504064551060     
  0.55077615034234162     
  0.19807405529896516     
   7.1498285011632106E-009
   3.0038884341313459     
   1.3629875623757537     
  0.99134540754324496     
  0.55097685456849954     
  0.19804749380952760     
   7.2351821674521602E-009
   3.0903057050824310     
   1.3616825742081613     
  0.99067867266247811     
  0.55118461191146106     
  0.19802092471978647     
   7.3212407048455393E-009
   3.1774938955654664     
   1.3603985977893642     
  0.99001502227777149     
  0.55139941974991724     
  0.19799434809416980     
   7.4080538228373117E-009
   3.2646460060962008     
   1.3591365319386677     
  0.98935464104222937     
  0.55162127534858485     
  0.19796776399707189     
   7.4956713563332886E-009
   3.3508164223383261     
   1.3578972549240578     
  0.98869771194781930     
  0.55185017585631024     
  0.19794117249285362     
   7.5841417314987622E-009
   3.4349219721436914     
   1.3566816241391091     
  0.98804441628695261     
  0.55208611830410736     
  0.19791457364584228     
   7.6735100775566700E-009
   3.5157518048515790     
   1.3554904758015798     
  0.98739493361530351     
  0.55232909960313692     
  0.19788796752033197     
   7.7638160322803712E-009
   3.5919882960606238     
   1.3543246246728455     
  0.98674944171584800     
  0.55257911654262282     
  0.19786135418058337     
   7.8550913475955101E-009
   3.6622406381749579     
   1.3531848637973061     
  0.98610811656410235     
  0.55283616578771122     
  0.19783473369082352     
   7.9473574680092842E-009
   3.7250917004678117     
   1.3520719642609023     
  0.98547113229454530     
  0.55310024387726942     
  0.19780810611524557     
   8.0406233172019137E-009
   3.7791571167076352     
   1.3509866749678829     
  0.98483866116820862     
  0.55337134722162862     
  0.19778147151800787     
   8.1348835708969214E-009
   3.8231535176989482     
   1.3499297224349613     
  0.98421087354141867     
  0.55364947210027105     
  0.19775482996323324     
   8.2301176991581727E-009
   3.8559706886824738     
   1.3489018106020134     
  0.98358793783567977     
  0.55393461465945903     
  0.19772818151500776     
   8.3262900143874231E-009
   3.8767406754649918     
   1.3479036206584727     
  0.98297002050868165     
  0.55422677090980987     
  0.19770152623737949     
   8.4233508587681928E-009
   3.8848960214771218     
   1.3469358108846032     
  0.98235728602641925     
  0.55452593672381245     
  0.19767486419435701     
   8.5212389183607948E-009
   3.8802098065990260     
   1.3459990165068225     
  0.98174989683640790     
  0.55483210783328574     
  0.19764819544990797     
   8.6198844876940572E-009
   3.8628120949235907     
   1.3450938495662776     
  0.98114801334197621     
  0.55514527982677542     
  0.19762152006795783     
   8.7192133649667177E-009
   3.8331804972379162     
   1.3442208987998749     
  0.98055179387761549     
  0.55546544814688603     
  0.19759483811238862     
   8.8191509682720413E-009
   3.7921061687937523     
   1.3433807295329814     
  0.97996139468536259     
  0.55579260808754538     
  0.19756814964703803     
   8.9196262482024197E-009
   3.7406398792773805     
   1.3425738835830257     
  0.97937696989218681     
  0.55612675479119478     
  0.19754145473569906     
   9.0205750317164840E-009
   3.6800250931266634     
   1.3418008791732419     
  0.97879867148835531     
  0.55646788324590402     
  0.19751475344211974     
   9.1219425466365939E-009
   3.6116258888146939     
   1.3410622108558106     
  0.97822664930674230     
  0.55681598828240342     
  0.19748804583000348     
   9.2236850145425905E-009
   3.5368570372446273     
   1.3403583494436715     
  0.97766105100305645     
  0.55717106457103116     
  0.19746133196300958     
   9.3257703306315038E-009
   3.4571220023844433     
   1.3396897419503115     
  0.97710202203694985     
  0.55753310661858835     
  0.19743461190475373     
   9.4281779493198538E-009
   3.3737625416367880     
   1.3390568115368409     
  0.97654970565398358     
  0.55790210876510204     
  0.19740788571880910     
   9.5308981535419387E-009
   3.2880214763174882     
   1.3384599574657163     
  0.97600424286841991     
  0.55827806518049050     
  0.19738115346870738     
   9.6339309050544689E-009
   3.2010184418578889     
   1.3378995550604884     
  0.97546577244681376     
  0.55866096986112723     
  0.19735441521793928     
   9.7372844614438968E-009
   3.1137371961368263     
   1.3373759556709870     
  0.97493443089238085     
  0.55905081662630651     
  0.19732767102995563     
   9.8409739147408666E-009
   3.0270223827877416     
   1.3368894866433905     
  0.97441035243011587     
  0.55944759911460451     
  0.19730092096816809     
   9.9450197676330236E-009
   2.9415834274739945     
   1.3364404512946610     
  0.97389366899263985     
  0.55985131078014461     
  0.19727416509594969     
   1.0049446624540635E-008
   2.8580033549709105     
   1.3360291288908601     
  0.97338451020675520     
  0.56026194488876591     
  0.19724740347663516     
   1.0154282041321098E-008
   2.7767506180119410     
   1.3356557746288944     
  0.97288300338068656     
  0.56067949451410182     
  0.19722063617352129     
   1.0259555551310590E-008
   2.6981924143204283     
   1.3353206196212786     
  0.97238927349198767     
  0.56110395253357903     
  0.19719386324986718     
   1.0365297867010397E-008
   2.6226083586495790     
   1.3350238708835325     
  0.97190344317609323     
  0.56153531162434300     
  0.19716708476889425     
   1.0471540245048025E-008
   2.5502037262606527     
   1.3347657113238709     
  0.97142563271549665     
  0.56197356425912226     
  0.19714030079378617     
   1.0578313995669876E-008
   2.4811217720710821     
   1.3345462997348763     
  0.97095596002953377     
  0.56241870270203731     
  0.19711351138768873     
   1.0685650115481170E-008
   2.4154548513495051     
   1.3343657707868797     
  0.97049454066475171     
  0.56287071900436625     
  0.19708671661370997     
   1.0793579022149794E-008
   2.3532542286357456     
   1.3342242350228108     
  0.97004148778584509     
  0.56332960500027063     
  0.19705991653491975     
   1.0902130371315867E-008
   2.2945385713399014     
   1.3341217788543163     
  0.96959691216713872     
  0.56379535230248512     
  0.19703311121434952     
   1.1011332938257772E-008
   2.2393011942187329     
   1.3340584645589790     
  0.96916092218459826     
  0.56426795229797044     
  0.19700630071499242     
   1.1121214549457840E-008
   2.1875161609275864     
   1.3340343302785065     
  0.96873362380834960     
  0.56474739614352742     
  0.19697948509980270     
   1.1231802051774225E-008
   2.1391433678186353     
   1.3340493900177952     
  0.96831512059568947     
  0.56523367476136588     
  0.19695266443169582     
   1.1343121309283281E-008
   2.0941327400062382     
   1.3341036336448080     
  0.96790551368456557     
  0.56572677883462230     
  0.19692583877354822     
   1.1455197219925673E-008
   2.0524276656424916     
   1.3341970268912497     
  0.96750490178751203     
  0.56622669880281695     
  0.19689900818819681     
   1.1568053745844750E-008
   2.0139677850805207     
   1.3343295113540450     
  0.96711338118602086     
  0.56673342485724176     
  0.19687217273843924     
   1.1681713952758147E-008
   1.9786912397325453     
   1.3345010044976768     
  0.96673104572532975     
  0.56724694693627353     
  0.19684533248703356     
   1.1796200054882191E-008
   1.9465364726603887     
   1.3347113996574682     
  0.96635798680961449     
  0.56776725472060385     
  0.19681848749669811     
   1.1911533462870243E-008
   1.9174436603366560     
   1.3349605660439268     
  0.96599429339756393     
  0.56829433762838066     
  0.19679163783011130     
   1.2027734832968999E-008
   1.8913558432059028     
   1.3352483487483195     
  0.96564005199832481     
  0.56882818481026032     
  0.19676478354991181     
   1.2144824116177289E-008
   1.8682198119737277     
   1.3355745687496619     
  0.96529534666779937     
  0.56936878514436406     
  0.19673792471869814     
   1.2262820606641858E-008
   1.8479867970761865     
   1.3359390229233596     
  0.96496025900527904     
  0.56991612723114171     
  0.19671106139902883     
   1.2381742988872322E-008
   1.8306130005264398     
   1.3363414840517676     
  0.96463486815040012     
  0.57047019938814114     
  0.19668419365342243     
   1.2501609383625541E-008
   1.8160600022213838     
   1.3367817008369616     
  0.96431925078040315     
  0.57103098964468402     
  0.19665732154435722     
   1.2622437392517543E-008
   1.8042950667003521     
   1.3372593979160730     
  0.96401348110768004     
  0.57159848573645022     
  0.19663044513427144     
   1.2744244141584239E-008
   1.7952913711456657     
   1.3377742758795426     
  0.96371763087759010     
  0.57217267509997127     
  0.19660356448556324     
   1.2867046324142929E-008
   1.7890281709616493     
   1.3383260112927093     
  0.96343176936652541     
  0.57275354486703700     
  0.19657667966059053     
   1.2990860243415108E-008
   1.7854909154285923     
   1.3389142567211734     
  0.96315596338020193     
  0.57334108185901367     
  0.19654979072167134     
   1.3115701855465247E-008
   1.7846713225717554     
   1.3395386407604013     
  0.96289027725214971     
  0.57393527258107790     
  0.19652289773108339     
   1.3241586813096451E-008
   1.7865674193912491     
   1.3401987680700866     
  0.96263477284237220     
  0.57453610321636750     
  0.19649600075106466     
   1.3368530511427255E-008
   1.7911835508518354     
   1.3408942194137972     
  0.96238950953613811     
  0.57514355962004871     
  0.19646909984381297     
   1.3496548135958188E-008
   1.7985303584232810     
   1.3416245517044871     
  0.96215454424286306     
  0.57575762731330304     
  0.19644219507148633     
   1.3625654714025426E-008
   1.8086247263858877     
   1.3423892980564687     
  0.96192993139503302     
  0.57637829147723196     
  0.19641528649620285     
   1.3755865170633633E-008
   1.8214896914670595     
   1.3431879678444740     
  0.96171572294711627     
  0.57700553694668477     
  0.19638837418004099     
   1.3887194389762943E-008
   1.8371543085463193     
   1.3440200467704726     
  0.96151196837440556     
  0.57763934820400409     
  0.19636145818503944     
   1.4019657282355512E-008
   1.8556534620469598     
   1.3448849969389232     
  0.96131871467173458     
  0.57827970937269391     
  0.19633453857319741     
   1.4153268862305116E-008
   1.8770276091052467     
   1.3457822569411844     
  0.96113600635201546     
  0.57892660421100961     
  0.19630761540647440     
   1.4288044331895467E-008
   1.9013224365481007     
   1.3467112419498131     
  0.96096388544456190     
  0.57958001610546872     
  0.19628068874679055     
   1.4423999178255387E-008
   1.9285884089852845     
   1.3476713438235248     
  0.96080239149318003     
  0.58023992806428493     
  0.19625375865602676     
   1.4561149282513194E-008
   1.9588801797944411     
   1.3486619312235948     
  0.96065156155404829     
  0.58090632271072318     
  0.19622682519602458     
   1.4699511043427031E-008
   1.9922558303082796     
   1.3496823497425126     
  0.96051143019343987     
  0.58157918227637828     
  0.19619988842858641     
   1.4839101517324726E-008
   2.0287758949727048     
   1.3507319220457181     
  0.96038202948539309     
  0.58225848859437634     
  0.19617294841547561     
   1.4979938576180751E-008
   2.0685021215274850     
   1.3518099480272627     
  0.96026338900947283     
  0.58294422309249783     
  0.19614600521841660     
   1.5122041085553512E-008
   2.1114959053124265     
   1.3529157049802616     
  0.96015553584879609     
  0.58363636678622544     
  0.19611905889909487     
   1.5265429103855202E-008
   2.1578163256576701     
   1.3540484477830119     
  0.96005849458850290     
  0.58433490027171464     
  0.19609210951915715     
   1.5410124103962918E-008
   2.2075177001618833     
   1.3552074091016721     
  0.95997228731483597     
  0.58503980371868780     
  0.19606515714021155     
   1.5556149217417606E-008
   2.2606465599166583     
   1.3563917996104005     
  0.95989693361494566     
  0.58575105686325302     
  0.19603820182382750     
   1.5703529500284580E-008
   2.3172379361728508     
   1.3576008082298709     
  0.95983245057746314     
  0.58646863900064661     
  0.19601124363153610     
   1.5852292218026237E-008
   2.3773108378530430     
   1.3588336023850889     
  0.95977885279380182     
  0.58719252897790075     
  0.19598428262483003     
   1.6002467144293029E-008
   2.4408627917049737     
   1.3600893282834363     
  0.95973615236007048     
  0.58792270518643597     
  0.19595731886516371     
   1.6154086865176159E-008
   2.5078633157545842     
   1.3613671112138932     
  0.95970435887941463     
  0.58865914555458010     
  0.19593035241395354     
   1.6307187075970367E-008
   2.5782462063168485     
   1.3626660558683823     
  0.95968347946457333     
  0.58940182754001202     
  0.19590338333257781     
   1.6461806851662985E-008
   2.6519005449823894     
   1.3639852466862048     
  0.95967351874043660     
  0.59015072812213309     
  0.19587641168237716     
   1.6617988865042363E-008
   2.7286603823176874     
   1.3653237482225369     
  0.95967447884641555     
  0.59090582379436507     
  0.19584943752465447     
   1.6775779517479751E-008
   2.8082931388681045     
   1.3666806055419851     
  0.95968635943848979     
  0.59166709055637656     
  0.19582246092067507     
   1.6935228937296400E-008
   2.8904868921378895     
   1.3680548446381935     
  0.95970915769084719     
  0.59243450390623753     
  0.19579548193166724     
   1.7096390789790158E-008
   2.9748369013669365     
   1.3694454728805119     
  0.95974286829708944     
  0.59320803883250328     
  0.19576850061882195     
   1.7259321832664597E-008
   3.0608319686983081     
   1.3708514794887070     
  0.95978748347102094     
  0.59398766980622852     
  0.19574151704329359     
   1.7424081142783775E-008
   3.1478415480425888     
   1.3722718360366188     
  0.95984299294706821     
  0.59477337077291381     
  0.19571453126619981     
   1.7590728937849296E-008
   3.2351048817544124     
   1.3737054969854938     
  0.95990938398039805     
  0.59556511514438271     
  0.19568754334862204     
   1.7759324923742244E-008
   3.3217238405970995     
   1.3751514002473644     
  0.95998664134680345     
  0.59636287579059466     
  0.19566055335160545     
   1.7929926119575365E-008
   3.4066615071501776     
   1.3766084677782318     
  0.96007474734242915     
  0.59716662503139284     
  0.19563356133615936     
   1.8102584152551213E-008
   3.4887487863170410     
   1.3780756061998307     
  0.96017368178339502     
  0.59797633462818989     
  0.19560656736325727     
   1.8277342076545112E-008
   3.5667013267408203     
   1.3795517074474992     
  0.96028342200536831     
  0.59879197577559329     
  0.19557957149383687     
   1.8454230851262009E-008
   3.6391486547394893     
   1.3810356494403666     
  0.96040394286312147     
  0.59961351909297389     
  0.19555257378879984     
   1.8633265716078666E-008
   3.7046765354755884     
   1.3825262967695093     
  0.96053521673010556     
  0.60044093461597936     
  0.19552557430901146     
   1.8814442789580523E-008
   3.7618821311871149     
   1.3840225014010255     
  0.96067721349805901     
  0.60127419178799713     
  0.19549857311530014     
   1.8997736299855699E-008
   3.8094396005964999     
   1.3855231033952047     
  0.96082990057666628     
  0.60211325945156957     
  0.19547157026845652     
   1.9183096875035428E-008
   3.8461716316695975     
   1.3870269316498516     
  0.96099324289327992     
  0.60295810583976372     
  0.19544456582923225     
   1.9370451274629170E-008
   3.8711204530185590     
   1.3885328046825540     
  0.96116720289271607     
  0.60380869856750086     
  0.19541755985833864     
   1.9559703809033715E-008
   3.8836106587933887     
   1.3900395314685989     
  0.96135174053713279     
  0.60466500462284689     
  0.19539055241644473     
   1.9750739487926125E-008
   3.8832961856132107     
   1.3915459123450662     
  0.96154681330600689     
  0.60552699035826807     
  0.19536354356417582     
   1.9943428693130319E-008
   3.8701852345180252     
   1.3930507399793326     
  0.96175237619621945     
  0.60639462148185130     
  0.19533653336211107     
   2.0137632940644795E-008
   3.8446396911420675     
   1.3945528003885677     
  0.96196838172226595     
  0.60726786304849278     
  0.19530952187078177     
   2.0333211134694768E-008
   3.8073491248927733     
   1.3960508739921895     
  0.96219477991660485     
  0.60814667945105405     
  0.19528250915066936     
   2.0530025662512071E-008
   3.7592829570604156     
   1.3975437366827017     
  0.96243151833015861     
  0.60903103441148621     
  0.19525549526220384     
   2.0727947741090826E-008
   3.7016270988859885     
   1.3990301609079421     
  0.96267854203297942     
  0.60992089097192337     
  0.19522848026576253     
   2.0926861583955732E-008
   3.6357127510030396     
   1.4005089167646720     
  0.96293579361509174     
  0.61081621148574539     
  0.19520146422166865     
   2.1126667162858738E-008
   3.5629449988188968     
   1.4019787731071607     
  0.96320321318752011     
  0.61171695760860945     
  0.19517444719019097     
   2.1327281546720526E-008
   3.4847375849428648     
   1.4034384986750748     
  0.96348073838350867     
  0.61262309028945316     
  0.19514742923154313     
   2.1528638968280473E-008
   3.4024582733597617     
   1.4048868632438798     
  0.96376830435994232     
  0.61353456976147158     
  0.19512041040588346     
   2.1730689876391888E-008
   3.3173870701360419     
   1.4063226387993371     
  0.96406584379897309     
  0.61445135553306696     
  0.19509339077331492     
   2.1933399276181296E-008
   3.2306876565606633     
   1.4077446007362338     
  0.96437328690985880     
  0.61537340637877724     
  0.19506637039388508     
   2.2136744651570155E-008
   3.1433909692802025     
   1.4091515290804499     
  0.96469056143102239     
  0.61630068033018581     
  0.19503934932758624     
   2.2340713722570206E-008
   3.0563889986354411     
   1.4105422097328149     
  0.96501759263233855     
  0.61723313466681473     
  0.19501232763435536     
   2.2545302231109156E-008
   2.9704365135595499     
   1.4119154357328376     
  0.96535430331765726     
  0.61817072590700461     
  0.19498530537407405     
   2.2750511888052205E-008
   2.8861584350265170     
   1.4132700085401855     
  0.96570061382757633     
  0.61911340979878560     
  0.19495828260656844     
   2.2956348559654434E-008
   2.8040608312935116     
   1.4146047393316741     
  0.96605644204247354     
  0.62006114131074352     
  0.19493125939160905     
   2.3162820728345618E-008
   2.7245438760222291     
   1.4159184503114521     
  0.96642170338581190     
  0.62101387462288127     
  0.19490423578891028     
   2.3369938231487669E-008
   2.6479155057370023     
   1.4172099760320149     
  0.96679631082773376     
  0.62197156311748281     
  0.19487721185813039     
   2.3577711261424442E-008
   2.5744048800690011     
   1.4184781647236211     
  0.96718017488895802     
  0.62293415936997820     
  0.19485018765887074     
   2.3786149598648595E-008
   2.5041750583125055     
   1.4197218796296263     
  0.96757320364499655     
  0.62390161513981623     
  0.19482316325067553     
   2.3995262044910833E-008
   2.4373345498133023     
   1.4209400003452002     
  0.96797530273070942     
  0.62487388136134536     
  0.19479613869303142     
   2.4205056022483307E-008
   2.3739475763148143     
   1.4221314241568268     
  0.96838637534521377     
  0.62585090813470590     
  0.19476911404536679     
   2.4415537307862575E-008
   2.3140430103481604     
   1.4232950673799376     
  0.96880632225716701     
  0.62683264471673550     
  0.19474208936705159     
   2.4626709871701411E-008
   2.2576220359369383     
   1.4244298666919699     
  0.96923504181044196     
  0.62781903951189366     
  0.19471506471739666     
   2.4838575800831825E-008
   2.2046646269651680     
   1.4255347804580916     
  0.96967242993021507     
  0.62881004006320462     
  0.19468804015565366     
   2.5051135282337215E-008
   2.1551349638328374     
   1.4266087900468003     
  0.97011838012948437     
  0.62980559304322692     
  0.19466101574101455     
   2.5264386633435128E-008
   2.1089859180225310     
   1.4276509011325571     
  0.97057278351604181     
  0.63080564424505181     
  0.19463399153261149     
   2.5478326364288406E-008
   2.0661627326774687     
   1.4286601449825966     
  0.97103552879991517     
  0.63181013857333723     
  0.19460696758951659     
   2.5692949263719848E-008
   2.0266060194496616     
   1.4296355797250300     
  0.97150650230130609     
  0.63281902003538626     
  0.19457994397074199     
   2.5908248500173729E-008
   1.9902541806613123     
   1.4305762915953526     
  0.97198558795903900     
  0.63383223173227698     
  0.19455292073523975     
   2.6124215732189840E-008
   1.9570453532091616     
   1.4314813961584683     
  0.97247266733954829     
  0.63484971585005334     
  0.19452589794190184     
   2.6340841224190017E-008
   1.9269189578926689     
   1.4323500395033446     
  0.97296761964641976     
  0.63587141365099042     
  0.19449887564956056     
   2.6558113964585356E-008
   1.8998169257177917     
   1.4331813994074447     
  0.97347032173051173     
  0.63689726546494363     
  0.19447185391698854     
   2.6776021784152753E-008
   1.8756846616256908     
   1.4339746864681084     
  0.97398064810067642     
  0.63792721068079561     
  0.19444483280289926     
   2.6994551473355221E-008
   1.8544717961961465     
   1.4347291451980946     
  0.97449847093510300     
  0.63896118773801303     
  0.19441781236594721     
   2.7213688897836539E-008
   1.8361327672086203     
   1.4354440550825545     
  0.97502366009330454     
  0.63999913411832510     
  0.19439079266472842     
   2.7433419111745579E-008
   1.8206272654512290     
   1.4361187315947634     
  0.97555608312877318     
  0.64104098633753392     
  0.19436377375778108     
   2.7653726468870465E-008
   1.8079205727419096     
   1.4367525271680224     
  0.97609560530232109     
  0.64208667993746804     
  0.19433675570358597     
   2.7874594731812643E-008
   1.7979838146356575     
   1.4373448321212114     
  0.97664208959613608     
  0.64313614947808462     
  0.19430973856056705     
   2.8096007179626831E-008
   1.7907941455979137     
   1.4378950755355884     
  0.97719539672856837     
  0.64418932852972755     
  0.19428272238709210     
   2.8317946714510634E-008
   1.7863348803892447     
   1.4384027260805166     
  0.97775538516967475     
  0.64524614966554550     
  0.19425570724147351     
   2.8540395968260382E-008
   1.7845955818985257     
   1.4388672927859325     
  0.97832191115754086     
  0.64630654445407232     
  0.19422869318196875     
   2.8763337409328274E-008
   1.7855721125566293     
   1.4392883257594806     
  0.97889482871540512     
  0.64737044345197148     
  0.19420168026678128     
   2.8986753451427196E-008
   1.7892666536432620     
   1.4396654168463789     
  0.97947398966960686     
  0.64843777619694565     
  0.19417466855406110     
   2.9210626564741810E-008
   1.7956876941552782     
   1.4399982002302254     
  0.98005924366837915     
  0.64950847120081356     
  0.19414765810190562     
   2.9434939390921027E-008
   1.8048499883287998     
   1.4402863529730965     
  0.98065043820151221     
  0.65058245594275466     
  0.19412064896836032     
   2.9659674863152912E-008
   1.8167744782946558     
   1.4405295954934529     
  0.98124741862090592     
  0.65165965686272476     
  0.19409364121141934     
   2.9884816332760215E-008
   1.8314881755910617     
   1.4407276919805345     
  0.98185002816203759     
  0.65273999935504545     
  0.19406663488902640     
   3.0110347703905142E-008
   1.8490239922497742     
   1.4408804507440895     
  0.98245810796636324     
  0.65382340776217385     
  0.19403963005907537     
   3.0336253578154507E-008
   1.8694205087973228     
   1.4409877244984610     
  0.98307149710467701     
  0.65490980536865551     
  0.19401262677941095     
   3.0562519410830100E-008
   1.8927216626495189     
   1.4410494105802425     
  0.98369003260145083     
  0.65599911439527181     
  0.19398562510782924     
   3.0789131681247904E-008
   1.9189763358956229     
   1.4410654510988872     
  0.98431354946017369     
  0.65709125599338647     
  0.19395862510207854     
   3.1016078079126161E-008
   1.9482378162322453     
   1.4410358330198496     
  0.98494188068971544     
  0.65818615023950300     
  0.19393162681985959     
   3.1243347709601711E-008
   1.9805630986771134     
   1.4409605881800274     
  0.98557485733173422     
  0.65928371613004011     
  0.19390463031882665     
   3.1470931319417149E-008
   2.0160119885347818     
   1.4408397932354602     
  0.98621230848915120     
  0.66038387157633971     
  0.19387763565658730     
   3.1698821546897116E-008
   2.0546459577838578     
   1.4406735695414368     
  0.98685406135571352     
  0.66148653339991248     
  0.19385064289070353     
   3.1927013198278706E-008
   2.0965266975322292     
   1.4404620829653458     
  0.98749994124666796     
  0.66259161732793703     
  0.19382365207869193     
   3.2155503552739123E-008
   2.1417142984419559     
   1.4402055436328061     
  0.98814977163056628     
  0.66369903798902041     
  0.19379666327802411     
   3.2384292697992876E-008
   2.1902649791845494     
   1.4399042056077875     
  0.98880337416222885     
  0.66480870890923272     
  0.19376967654612701     
   3.2613383897502315E-008
   2.2422282703783853     
   1.4395583665076233     
  0.98946056871688348     
  0.66592054250842381     
  0.19374269194038324     
   3.2842783989019464E-008
   2.2976435487203473     
   1.4391683670539988     
  0.99012117342551154     
  0.66703445009683726     
  0.19371570951813158     
   3.3072503812171524E-008
   2.3565358042457047     
   1.4387345905611630     
  0.99078500471142017     
  0.66815034187202882     
  0.19368872933666698     
   3.3302558659895598E-008
   2.4189105145728402     
   1.4382574623627948     
  0.99145187732807061     
  0.66926812691609971     
  0.19366175145324108     
   3.3532968744453243E-008
   2.4847474962392280     
   1.4377374491791060     
  0.99212160439818886     
  0.67038771319325863     
  0.19363477592506215     
   3.3763759663213652E-008
   2.5539936086079909     
   1.4371750584259240     
  0.99279399745418639     
  0.67150900754771781     
  0.19360780280929552     
   3.3994962842078528E-008
   2.6265542055826661     
   1.4365708374676436     
  0.99346886647991950     
  0.67263191570193903     
  0.19358083216306377     
   3.4226615925064864E-008
   2.7022832714911829     
   1.4359253728160783     
  0.99414601995381124     
  0.67375634225523318     
  0.19355386404344685     
   3.4458763067021222E-008
   2.7809722487761532     
   1.4352392892773680     
  0.99482526489335776     
  0.67488219068273048     
  0.19352689850748236     
   3.4691455072847003E-008
   2.8623376768924520     
   1.4345132490492205     
  0.99550640690102365     
  0.67600936333472483     
  0.19349993561216566     
   3.4924749311482257E-008
   2.9460079250449325     
   1.4337479507708806     
  0.99618925021151561     
  0.67713776143640714     
  0.19347297541445033     
   3.5158709317619899E-008
   3.0315095257927953     
   1.4329441285283129     
  0.99687359774038953     
  0.67826728508799461     
  0.19344601797124816     
   3.5393403980855654E-008
   3.1182539071055366     
   1.4321025508171810     
  0.99755925113389399     
  0.67939783326526770     
  0.19341906333942954     
   3.5628906214418705E-008
   3.2055256722538181     
   1.4312240194662780     
  0.99824601081989450     
  0.68052930382052312     
  0.19339211157582395     
   3.5865290998747980E-008
   3.2924739680410440     
   1.4303093685241397     
  0.99893367605964245     
  0.68166159348395505     
  0.19336516273721988     
   3.6102632715271074E-008
   3.3781088653587621     
   1.4293594631116207     
  0.99962204500008234     
  0.68279459786547114     
  0.19333821688036548     
   3.6341001729542157E-008
   3.4613049730299332     
   1.4283751982432655     
   1.0003109147263594     
  0.68392821145695826     
  0.19331127406196874     
   3.6580460255935381E-008
   3.5408146041567741     
   1.4273574976203420     
   1.0010000813142321     
  0.68506232763500485     
  0.19328433433869774     
   3.6821057640061913E-008
   3.6152925777377365     
   1.4263073123984227     
   1.0016893398822886     
  0.68619683866409220     
  0.19325739776718093     
   3.7062825324489090E-008
   3.6833340341754823     
   1.4252256199324191     
   1.0023784846441923     
  0.68733163570026645     
  0.19323046440400726     
   3.7305771902422787E-008
   3.7435253879168027     
   1.4241134225019731     
   1.0030673089616498     
  0.68846660879530130     
  0.19320353430572582     
   3.7549878785549370E-008
   3.7945067599916653     
   1.4229717460200979     
   1.0037556053992005     
  0.68960164690136672     
  0.19317660752884594     
   3.7795097080344929E-008
   3.8350421187186443     
   1.4218016387279349     
   1.0044431657821271     
  0.69073663787621187     
  0.19314968412983655     
   3.8041346245452077E-008
   3.8640912836002883     
   1.4206041698784710     
   1.0051297812585325     
  0.69187146848888059     
  0.19312276416512530     
   3.8288514967052179E-008
   3.8808764261421160     
   1.4193804284120008     
   1.0058152423659992     
  0.69300602442596593     
  0.19309584769109767     
   3.8536464441154615E-008
   3.8849352484036661     
   1.4181315216260695     
   1.0064993391023782     
  0.69414019029842255     
  0.19306893476409556     
   3.8785033926664560E-008
   3.8761539742949922     
   1.4168585738425645     
   1.0071818609995657     
  0.69527384964894567     
  0.19304202544041602     
   3.9034048096063316E-008
   3.8547756446348735     
   1.4155627250745482     
   1.0078625971988360     
  0.69640688495992875     
  0.19301511977630953     
   3.9283325439251265E-008
   3.8213825524395890     
   1.4142451296953436     
   1.0085413365264837     
  0.69753917766201079     
  0.19298821782797840     
   3.9532686835735202E-008
   3.7768552637539359     
   1.4129069551122990     
   1.0092178675690131     
  0.69867060814322290     
  0.19296131965157548     
   3.9781963431052105E-008
   3.7223137289289339     
   1.4115493804475678     
   1.0098919787476475     
  0.69980105575874185     
  0.19293442530320259     
   4.0031003120863780E-008
   3.6590478659772110     
   1.4101735952281420     
   1.0105634583923409     
  0.70093039884126040     
  0.19290753483890977     
   4.0279675209487553E-008
   3.5884454236897292     
   1.4087807980872948     
   1.0112320948156872     
  0.70205851471197955     
  0.19288064831469415     
   4.0527873100967320E-008
   3.5119240407520373     
   1.4073721954794758     
   1.0118976763871510     
  0.70318527969222933     
  0.19285376578649988     
   4.0775515138228784E-008
   3.4308726330638271     
   1.4059490004106112     
   1.0125599916079904     
  0.70431056911572909     
  0.19282688731021758     
   4.1022543889251630E-008
   3.3466050988026605     
   1.4045124311856527     
   1.0132188291871200     
  0.70543425734148657     
  0.19280001294168475     
   4.1268924275085080E-008
   3.2603273023041424     
   1.4030637101751191     
   1.0138739781180690     
  0.70655621776735045     
  0.19277314273668564     
   4.1514640951659492E-008
   3.1731166939604054     
   1.4016040626022530     
   1.0145252277570858     
  0.70767632284421733     
  0.19274627675095179     
   4.1759695317243839E-008
   3.0859128708011396     
   1.4001347153523185     
   1.0151723679023978     
  0.70879444409090420     
  0.19271941504016238     
   4.2004102444974243E-008
   2.9995168605564251     
   1.3986568958054373     
   1.0158151888745892     
  0.70991045210968928     
  0.19269255765994442     
   4.2247888156762233E-008
   2.9145968128681261     
   1.3971718306942544     
   1.0164534815980328     
  0.71102421660253223     
  0.19266570466587332     
   4.2491086376306670E-008
   2.8316979664326114     
   1.3956807449876047     
   1.0170870376833161     
  0.71213560638797613     
  0.19263885611347289     
   4.2733736833392983E-008
   2.7512551006658197     
   1.3941848608012366     
   1.0177156495105835     
  0.71324448941874019     
  0.19261201205821563     
   4.2975883142259964E-008
   2.6736060743545016     
   1.3926853963365349     
   1.0183391103137274     
  0.71435073280000627     
  0.19258517255552260     
   4.3217571243044354E-008
   2.5990054348820308     
   1.3911835648480699     
   1.0189572142653565     
  0.71545420280840555     
  0.19255833766076344     
   4.3458848174760682E-008
   2.5276374129755586     
   1.3896805736406879     
   1.0195697565624724     
  0.71655476491170778     
  0.19253150742925604     
   4.3699761137842841E-008
   2.4596278846409216     
   1.3881776230967535     
   1.0201765335127886     
  0.71765228378921619     
  0.19250468191626649     
   4.3940356800960413E-008
   2.3950550834272786     
   1.3866759057340401     
   1.0207773426216258     
  0.71874662335287109     
  0.19247786117700844     
   4.4180680808090086E-008
   2.3339589896067401     
   1.3851766052946679     
   1.0213719826793188     
  0.71983764676906126     
  0.19245104526664275     
   4.4420777445725052E-008
   2.2763494187425115     
   1.3836808958653890     
   1.0219602538490702     
  0.72092521648114261     
  0.19242423424027716     
   4.4660689435260171E-008
   2.2222128913701886     
   1.3821899410294227     
   1.0225419577551860     
  0.72200919423266363     
  0.19239742815296540     
   4.4900457821088350E-008
   2.1715183979790447     
   1.3807048930499453     
   1.0231168975716292     
  0.72308944109129203     
  0.19237062705970698     
   4.5140121930228942E-008
   2.1242221873013252     
   1.3792268920852688     
   1.0236848781108212     
  0.72416581747344055     
  0.19234383101544622     
   4.5379719384085687E-008
   2.0802717074394024     
   1.3777570654356404     
   1.0242457059126298     
  0.72523818316958211     
  0.19231704007507192     
   4.5619286147069694E-008
   2.0396088232855263     
   1.3762965268215308     
   1.0247991893334696     
  0.72630639737024982     
  0.19229025429341653     
   4.5858856600301270E-008
   2.0021724233575666     
   1.3748463756931943     
   1.0253451386354513     
  0.72737031869271007     
  0.19226347372525560     
   4.6098463631460189E-008
   1.9679005168626222     
   1.3734076965712254     
   1.0258833660755047     
  0.72842980520829870     
  0.19223669842530702     
   4.6338138734155952E-008
   1.9367319089890533     
   1.3719815584177624     
   1.0264136859944062     
  0.72948471447040808     
  0.19220992844823045     
   4.6577912112018361E-008
   1.9086075300245677     
   1.3705690140379285     
   1.0269359149056374     
  0.73053490354311146     
  0.19218316384862663     
   4.6817812784143394E-008
   1.8834714824141476     
   1.3691710995110535     
   1.0274498715840006     
  0.73158022903040976     
  0.19215640468103679     
   4.7057868689643500E-008
   1.8612718595508471     
   1.3677888336511439     
   1.0279553771539176     
  0.73262054710608693     
  0.19212965099994184     
   4.7298106789911069E-008
   1.8419613810069746     
   1.3664232174960391     
   1.0284522551773325     
  0.73365571354415682     
  0.19210290285976206     
   4.7538553167862335E-008
   1.8254978810292086     
   1.3650752338246255     
   1.0289403317411450     
  0.73468558374988757     
  0.19207616031485611     
   4.7779233123933380E-008
   1.8118446803446928     
   1.3637458467014250     
   1.0294194355440949     
  0.73571001279138915     
  0.19204942341952072     
   4.8020171268987992E-008
   1.8009708655308738     
   1.3624360010478291     
   1.0298893979830173     
  0.73672885543174838     
  0.19202269222798987     
   4.8261391614597511E-008
   1.7928514952523003     
   1.3611466222391675     
   1.0303500532383945     
  0.73774196616170529     
  0.19199596679443445     
   4.8502917661392234E-008
   1.7874677484239978     
   1.3598786157267446     
   1.0308012383591201     
  0.73874919923285498     
  0.19196924717296138     
   4.8744772486379637E-008
   1.7848070256893080     
   1.3586328666838734     
   1.0312427933463957     
  0.73975040869137620     
  0.19194253341761333     
   4.8986978830293929E-008
   1.7848630123733729     
   1.3574102396748486     
   1.0316745612366851     
  0.74074544841228052     
  0.19191582558236811     
   4.9229559186195384E-008
   1.7876357081724463     
   1.3562115783456739     
   1.0320963881836374     
  0.74173417213418713     
  0.19188912372113798     
   4.9472535890687394E-008
   1.7931314261511613     
   1.3550377051352378     
   1.0325081235389075     
  0.74271643349463090     
  0.19186242788776944     
   4.9715931219271387E-008
   1.8013627610365011     
   1.3538894210055101     
   1.0329096199317871     
  0.74369208606591619     
  0.19183573813604243     
   4.9959767487521334E-008
   1.8123485242124910     
   1.3527675051892298     
   1.0333007333475697     
  0.74466098339153630     
  0.19180905451967012     
   5.0204067159935162E-008
   1.8261136401270266     
   1.3516727149535157     
   1.0336813232045723     
  0.74562297902317998     
  0.19178237709229820     
   5.0448852968512550E-008
   1.8426889959124717     
   1.3506057853778959     
   1.0340512524297292     
  0.74657792655835775     
  0.19175570590750468     
   5.0694148043319625E-008
   1.8621112327802765     
   1.3495674291454591     
   1.0344103875326873     
  0.74752567967867500     
  0.19172904101879942     
